NCBI GeneID	Taxonomic Name	Symbol	Transcript Accession	Transcript Transcript Length	Transcript Protein Accession	Transcript Protein Length
102113130	Pseudopodoces humilis	MTSS2	XM_014255530.1	2460	XP_014111005.1	744
102113130	Pseudopodoces humilis	MTSS2	XM_014255531.1	2457	XP_014111006.1	743
102113130	Pseudopodoces humilis	MTSS2	XM_014255535.1	2385	XP_014111010.1	719
102113130	Pseudopodoces humilis	MTSS2	XM_014255533.1	2457	XP_014111008.1	743
102113130	Pseudopodoces humilis	MTSS2	XM_014255536.1	2376	XP_014111011.1	716
102113130	Pseudopodoces humilis	MTSS2	XM_014255534.1	2451	XP_014111009.1	741
102113130	Pseudopodoces humilis	MTSS2	XM_005526297.2	2364	XP_005526354.1	712
102118452	Macaca fascicularis	MTSS2	XM_045381562.2	4962	XP_045237497.1	739
102118452	Macaca fascicularis	MTSS2	XM_065537728.1	4887	XP_065393800.1	714
102118452	Macaca fascicularis	MTSS2	XM_045381567.2	4866	XP_045237502.1	707
102118452	Macaca fascicularis	MTSS2	XM_065537729.1	4815	XP_065393801.1	677
102258401	Myotis brandtii	MTSS2	XM_005862717.1	1776	XP_005862779.1	591
102991447	Physeter macrocephalus	MTSS2	XM_024125035.3	2970	XP_023980803.1	715
102991447	Physeter macrocephalus	MTSS2	XM_028477579.2	3063	XP_028333380.1	747
102991447	Physeter macrocephalus	MTSS2	XM_055079001.1	2945	XP_054934976.1	685
102991447	Physeter macrocephalus	MTSS2	XM_028477582.2	2623	XP_028333383.1	602
103085630	Lipotes vexillifer	MTSS2	XM_007462962.1	2542	XP_007463024.1	751
104578225	Tinamus guttatus	MTSS2	XM_010225775.1	2213	XP_010224077.1	723
104842693	Haliaeetus leucocephalus	MTSS2	XM_010585205.1	2508	XP_010583507.1	810
105576194	Cercocebus atys	MTSS2	XM_012039320.1	4950	XP_011894710.1	747
105576194	Cercocebus atys	MTSS2	XM_012039092.1	4892	XP_011894482.1	761
105576194	Cercocebus atys	MTSS2	XM_012039625.1	4667	XP_011895015.1	712
105576194	Cercocebus atys	MTSS2	XM_012039397.1	4762	XP_011894787.1	744
105576194	Cercocebus atys	MTSS2	XM_012039268.1	4771	XP_011894658.1	747
105576194	Cercocebus atys	MTSS2	XM_012039004.1	4915	XP_011894394.1	761
105576194	Cercocebus atys	MTSS2	XM_012039178.1	7775	XP_011894568.1	761
105576194	Cercocebus atys	MTSS2	XM_012039553.1	5156	XP_011894943.1	729
105576194	Cercocebus atys	MTSS2	XM_012039484.1	5177	XP_011894874.1	736
105576194	Cercocebus atys	MTSS2	XM_012038909.1	5252	XP_011894299.1	761
108438532	Pygocentrus nattereri	mtss1lb	XM_017716407.2	9567	XP_017571896.1	723
108438532	Pygocentrus nattereri	mtss1lb	XM_017716405.2	9654	XP_017571894.1	752
108438532	Pygocentrus nattereri	mtss1lb	XM_017716404.2	9657	XP_017571893.1	753
108438532	Pygocentrus nattereri	mtss1lb	XM_017716406.2	9576	XP_017571895.1	726
108438532	Pygocentrus nattereri	mtss1lb	XM_017716403.2	9663	XP_017571892.1	755
108438532	Pygocentrus nattereri	mtss1lb	XM_017716402.2	9666	XP_017571891.1	756
115660436	Gopherus evgoodei	MTSS2	XM_030581874.1	4776	XP_030437734.1	743
119971495	Scyliorhinus canicula	mtss1lb	XM_038807079.1	7686	XP_038663007.1	833
119971495	Scyliorhinus canicula	mtss1lb	XM_038807102.1	7563	XP_038663030.1	792
119971495	Scyliorhinus canicula	mtss1lb	XM_038807084.1	6982	XP_038663012.1	820
119971495	Scyliorhinus canicula	mtss1lb	XM_038807081.1	7012	XP_038663009.1	830
119971495	Scyliorhinus canicula	mtss1lb	XM_038807086.1	6973	XP_038663014.1	817
119971495	Scyliorhinus canicula	mtss1lb	XM_038807089.1	6829	XP_038663017.1	769
119971495	Scyliorhinus canicula	mtss1lb	XM_038807091.1	6781	XP_038663019.1	753
119971495	Scyliorhinus canicula	mtss1lb	XM_038807090.1	6784	XP_038663018.1	754
119971495	Scyliorhinus canicula	mtss1lb	XM_038807097.1	6709	XP_038663025.1	729
119971495	Scyliorhinus canicula	mtss1lb	XM_038807098.1	6661	XP_038663026.1	713
119971495	Scyliorhinus canicula	mtss1lb	XM_038807080.1	7018	XP_038663008.1	832
119971495	Scyliorhinus canicula	mtss1lb	XM_038807092.1	6778	XP_038663020.1	752
119971495	Scyliorhinus canicula	mtss1lb	XM_038807087.1	6937	XP_038663015.1	805
119971495	Scyliorhinus canicula	mtss1lb	XM_038807082.1	7012	XP_038663010.1	830
119971495	Scyliorhinus canicula	mtss1lb	XM_038807093.1	6772	XP_038663021.1	750
119971495	Scyliorhinus canicula	mtss1lb	XM_038807083.1	7009	XP_038663011.1	829
119971495	Scyliorhinus canicula	mtss1lb	XM_038807094.1	6769	XP_038663022.1	749
119971495	Scyliorhinus canicula	mtss1lb	XM_038807100.1	6649	XP_038663028.1	709
119971495	Scyliorhinus canicula	mtss1lb	XM_038807088.1	6928	XP_038663016.1	802
119971495	Scyliorhinus canicula	mtss1lb	XM_038807095.1	2217	XP_038663023.1	738
119971495	Scyliorhinus canicula	mtss1lb	XM_038807099.1	2133	XP_038663027.1	710
119971495	Scyliorhinus canicula	mtss1lb	XM_038807101.1	2124	XP_038663029.1	707
123805774	Phyllostomus hastatus	MTSS2	XM_045818510.1	4398	XP_045674466.1	717
123805774	Phyllostomus hastatus	MTSS2	XM_045818513.1	4388	XP_045674469.1	714
123805774	Phyllostomus hastatus	MTSS2	XM_045818509.1	4463	XP_045674465.1	739
123805774	Phyllostomus hastatus	MTSS2	XM_045818508.1	4472	XP_045674464.1	742
123805774	Phyllostomus hastatus	MTSS2	XM_045818511.1	4374	XP_045674467.1	710
123805774	Phyllostomus hastatus	MTSS2	XM_045818512.1	4364	XP_045674468.1	707
127671898	Apodemus sylvaticus	Mtss2	XM_052166989.1	4985	XP_052022949.1	747
127671898	Apodemus sylvaticus	Mtss2	XM_052166991.1	4886	XP_052022951.1	715
127671898	Apodemus sylvaticus	Mtss2	XM_052166992.1	4809	XP_052022952.1	685
129547283	Moschus berezovskii	MTSS2	XM_055413174.1	5019	XP_055269149.1	737
129630941	Bubalus kerabau	MTSS2	XM_055551561.1	2703	XP_055407536.1	737
129630941	Bubalus kerabau	MTSS2	XM_055551562.1	2607	XP_055407537.1	705
130403630	Gadus chalcogrammus	mtss1lb	XM_056608046.1	2816	XP_056464021.1	741
130488968	Euleptes europaea	MTSS2	XM_056862662.1	2247	XP_056718640.1	733
130488968	Euleptes europaea	MTSS2	XM_056862663.1	2181	XP_056718641.1	711
130488968	Euleptes europaea	MTSS2	XM_056862664.1	2172	XP_056718642.1	708
130488968	Euleptes europaea	MTSS2	XM_056862665.1	2106	XP_056718643.1	686
131184039	Ahaetulla prasina	MTSS2	XM_058154942.1	7495	XP_058010925.1	726
131184039	Ahaetulla prasina	MTSS2	XM_058154944.1	7421	XP_058010927.1	710
131184039	Ahaetulla prasina	MTSS2	XM_058154943.1	7310	XP_058010926.1	726
131184039	Ahaetulla prasina	MTSS2	XM_058154947.1	7084	XP_058010930.1	691
131184039	Ahaetulla prasina	MTSS2	XM_058154945.1	7200	XP_058010928.1	691
131184039	Ahaetulla prasina	MTSS2	XM_058154948.1	7122	XP_058010931.1	664
133955394	Platichthys flesus	mtss1lb	XM_062390220.1	10745	XP_062246204.1	809
134158886	Pezoporus occidentalis	MTSS2	XM_062609296.1	2461	XP_062465280.1	714
134158886	Pezoporus occidentalis	MTSS2	XM_062609297.1	2454	XP_062465281.1	712
134158886	Pezoporus occidentalis	MTSS2	XM_062609292.1	2535	XP_062465276.1	739
134158886	Pezoporus occidentalis	MTSS2	XM_062609294.1	2463	XP_062465278.1	715
134158886	Pezoporus occidentalis	MTSS2	XM_062609295.1	2463	XP_062465279.1	715
134158886	Pezoporus occidentalis	MTSS2	XM_062609290.1	2544	XP_062465274.1	742
134158886	Pezoporus occidentalis	MTSS2	XM_062609293.1	2472	XP_062465277.1	718
134158886	Pezoporus occidentalis	MTSS2	XM_062609291.1	2536	XP_062465275.1	740
134158886	Pezoporus occidentalis	MTSS2	XM_062609289.1	2545	XP_062465273.1	743
134424265	Melospiza melodia melodia	MTSS2	XM_063167901.1	3785	XP_063023971.1	712
134424265	Melospiza melodia melodia	MTSS2	XM_063167900.1	3791	XP_063023970.1	714
134424265	Melospiza melodia melodia	MTSS2	XM_063167899.1	3791	XP_063023969.1	714
134424265	Melospiza melodia melodia	MTSS2	XM_063167902.1	3866	XP_063023972.1	739
134424265	Melospiza melodia melodia	MTSS2	XM_063167896.1	3869	XP_063023966.1	740
134424265	Melospiza melodia melodia	MTSS2	XM_063167893.1	3872	XP_063023963.1	741
134424265	Melospiza melodia melodia	MTSS2	XM_063167898.1	3794	XP_063023968.1	715
134424265	Melospiza melodia melodia	MTSS2	XM_063167897.1	3797	XP_063023967.1	716
134424265	Melospiza melodia melodia	MTSS2	XM_063167895.1	3869	XP_063023965.1	740
134424265	Melospiza melodia melodia	MTSS2	XM_063167892.1	3872	XP_063023962.1	741
134424265	Melospiza melodia melodia	MTSS2	XM_063167894.1	3872	XP_063023964.1	741
134424265	Melospiza melodia melodia	MTSS2	XM_063167891.1	3875	XP_063023961.1	742
134863274	Eleginops maclovinus	mtss1lb	XM_063881702.1	10287	XP_063737772.1	803
134863274	Eleginops maclovinus	mtss1lb	XM_063881703.1	10149	XP_063737773.1	757
136107235	Patagioenas fasciata	MTSS2	XM_071814224.1	3899	XP_071670325.1	715
136107235	Patagioenas fasciata	MTSS2	XM_065848124.2	3890	XP_065704196.1	712
136107235	Patagioenas fasciata	MTSS2	XM_065848123.2	3971	XP_065704195.1	739
136107235	Patagioenas fasciata	MTSS2	XM_065848122.2	3974	XP_065704194.1	740
136107235	Patagioenas fasciata	MTSS2	XM_071814227.1	3875	XP_071670328.1	707
136107235	Patagioenas fasciata	MTSS2	XM_071814225.1	3899	XP_071670326.1	715
136107235	Patagioenas fasciata	MTSS2	XM_071814223.1	3980	XP_071670324.1	742
136107235	Patagioenas fasciata	MTSS2	XM_071814222.1	3983	XP_071670323.1	743
137070409	Pseudorasbora parva	mtss1lb	XM_067437532.1	5167	XP_067293633.1	721
137070409	Pseudorasbora parva	mtss1lb	XM_067437524.1	5253	XP_067293625.1	750
137070409	Pseudorasbora parva	mtss1lb	XM_067437541.1	4487	XP_067293642.1	606
137872491	Cebidichthys violaceus	mtss1lb	XM_068710716.1	3390	XP_068566817.1	796
137872491	Cebidichthys violaceus	mtss1lb	XM_068710717.1	3234	XP_068566818.1	744
137872491	Cebidichthys violaceus	mtss1lb	XM_068710713.1	3381	XP_068566814.1	793
137872491	Cebidichthys violaceus	mtss1lb	XM_068710715.1	3225	XP_068566816.1	741
137872491	Cebidichthys violaceus	mtss1lb	XM_068710714.1	3249	XP_068566815.1	749
100464746	Ailuropoda melanoleuca	MTSS2	XM_034639039.1	2185	XP_034494930.1	601
103620282	Corvus brachyrhynchos	MTSS2	XM_017740811.1	2073	XP_017596300.1	691
104017495	Nipponia nippon	MTSS2	XM_009470526.1	2124	XP_009468801.1	707
105073597	Camelus bactrianus	MTSS2	XM_010960918.2	4949	XP_010959220.1	752
105073597	Camelus bactrianus	MTSS2	XM_045521434.1	4874	XP_045377390.1	727
105073597	Camelus bactrianus	MTSS2	XM_045521437.1	4853	XP_045377393.1	720
105073597	Camelus bactrianus	MTSS2	XM_045521429.1	4940	XP_045377385.1	749
105073597	Camelus bactrianus	MTSS2	XM_045521439.1	4844	XP_045377395.1	717
105889151	Clupea harengus	mtss1lb	XM_031569632.2	2802	XP_031425492.1	707
105889151	Clupea harengus	mtss1lb	XM_012814945.3	2889	XP_012670399.1	736
105889151	Clupea harengus	mtss1lb	XM_031569631.2	2811	XP_031425491.1	710
105889151	Clupea harengus	mtss1lb	XM_031569630.2	2898	XP_031425490.1	739
108259668	Ictalurus punctatus	mtss1lb	XM_053676560.1	6682	XP_053532535.1	742
108259668	Ictalurus punctatus	mtss1lb	XM_017459323.3	6594	XP_017314812.1	713
114433787	Parambassis ranga	mtss1lb	XM_028402489.1	3574	XP_028258290.1	863
114433787	Parambassis ranga	mtss1lb	XM_028402493.1	2523	XP_028258294.1	795
114433787	Parambassis ranga	mtss1lb	XM_028402492.1	2927	XP_028258293.1	811
114433787	Parambassis ranga	mtss1lb	XM_028402490.1	2927	XP_028258291.1	811
115558358	Gadus morhua	mtss1lb	XM_030376392.1	4441	XP_030232252.1	813
115558358	Gadus morhua	mtss1lb	XM_030376390.1	4554	XP_030232250.1	851
115558358	Gadus morhua	mtss1lb	XM_030376391.1	4544	XP_030232251.1	848
115558358	Gadus morhua	mtss1lb	XM_030376393.1	4430	XP_030232253.1	810
115558358	Gadus morhua	mtss1lb	XM_030376394.1	4395	XP_030232254.1	799
115558358	Gadus morhua	mtss1lb	XM_030376395.1	4384	XP_030232255.1	796
116471480	Hylobates moloch	MTSS2	XM_032157859.2	4877	XP_032013750.1	745
116471480	Hylobates moloch	MTSS2	XM_032157861.2	4781	XP_032013752.1	713
116471480	Hylobates moloch	MTSS2	XM_032157856.2	4775	XP_032013747.1	770
116471480	Hylobates moloch	MTSS2	XM_058441194.1	4679	XP_058297177.1	738
116471480	Hylobates moloch	MTSS2	XM_058441195.1	4802	XP_058297178.1	683
119841034	Dermochelys coriacea	MTSS2	XM_043495215.1	7381	XP_043351150.1	689
119841034	Dermochelys coriacea	MTSS2	XM_043495213.1	7447	XP_043351148.1	711
119841034	Dermochelys coriacea	MTSS2	XM_038367961.2	7456	XP_038223889.1	714
119841034	Dermochelys coriacea	MTSS2	XM_043495208.1	7522	XP_043351143.1	736
119841034	Dermochelys coriacea	MTSS2	XM_043495209.1	7501	XP_043351144.1	729
119841034	Dermochelys coriacea	MTSS2	XM_043495211.1	7462	XP_043351146.1	716
119841034	Dermochelys coriacea	MTSS2	XM_043495207.1	7528	XP_043351142.1	738
119841034	Dermochelys coriacea	MTSS2	XM_043495206.1	7537	XP_043351141.1	741
119841034	Dermochelys coriacea	MTSS2	XM_043495210.1	7465	XP_043351145.1	717
119841034	Dermochelys coriacea	MTSS2	XM_038367959.2	7540	XP_038223887.1	742
119841034	Dermochelys coriacea	MTSS2	XM_043495204.1	7585	XP_043351139.1	757
119841034	Dermochelys coriacea	MTSS2	XM_038367955.2	7597	XP_038223883.1	767
119841034	Dermochelys coriacea	MTSS2	XM_038367956.2	7576	XP_038223884.1	760
119841034	Dermochelys coriacea	MTSS2	XM_038367960.2	7455	XP_038223888.1	720
119841034	Dermochelys coriacea	MTSS2	XM_038367958.2	7521	XP_038223886.1	742
119841034	Dermochelys coriacea	MTSS2	XM_038367957.2	7530	XP_038223885.1	745
119841034	Dermochelys coriacea	MTSS2	XM_043495214.1	7369	XP_043351149.1	692
121200634	Toxotes jaculatrix	mtss1lb	XM_041066164.1	11615	XP_040922098.1	817
121200634	Toxotes jaculatrix	mtss1lb	XM_041066242.1	11597	XP_040922176.1	811
121200634	Toxotes jaculatrix	mtss1lb	XM_041066080.1	11753	XP_040922014.1	863
121937554	Sceloporus undulatus	MTSS2	XM_042480849.1	6292	XP_042336783.1	723
121937554	Sceloporus undulatus	MTSS2	XM_042480847.1	6358	XP_042336781.1	745
121937554	Sceloporus undulatus	MTSS2	XM_042480851.1	6226	XP_042336785.1	701
121937554	Sceloporus undulatus	MTSS2	XM_042480850.1	6292	XP_042336784.1	723
121937554	Sceloporus undulatus	MTSS2	XM_042480848.1	6301	XP_042336782.1	726
121937554	Sceloporus undulatus	MTSS2	XM_042480846.1	6367	XP_042336780.1	748
121937554	Sceloporus undulatus	MTSS2	XM_042480852.1	6271	XP_042336786.1	681
122188091	Lagopus leucura	MTSS2	XM_042886122.1	2668	XP_042742056.1	737
122188091	Lagopus leucura	MTSS2	XM_042886123.1	2665	XP_042742057.1	736
122188091	Lagopus leucura	MTSS2	XM_042886127.1	2584	XP_042742061.1	709
122188091	Lagopus leucura	MTSS2	XM_042886124.1	2659	XP_042742058.1	734
122188091	Lagopus leucura	MTSS2	XM_042886125.1	2656	XP_042742059.1	733
122188091	Lagopus leucura	MTSS2	XM_042886128.1	2575	XP_042742062.1	706
122188091	Lagopus leucura	MTSS2	XM_042886126.1	2653	XP_042742060.1	732
122208590	Panthera leo	MTSS2	XM_042919799.1	4748	XP_042775733.1	793
122208590	Panthera leo	MTSS2	XM_042919802.1	4651	XP_042775736.1	761
122208590	Panthera leo	MTSS2	XM_042919800.1	4738	XP_042775734.1	790
122208590	Panthera leo	MTSS2	XM_042919803.1	4574	XP_042775737.1	738
122208590	Panthera leo	MTSS2	XM_042919804.1	4565	XP_042775738.1	735
122208590	Panthera leo	MTSS2	XM_042919805.1	4469	XP_042775739.1	703
122809653	Protopterus annectens	MTSS2	XM_044081300.1	2823	XP_043937235.1	743
122809653	Protopterus annectens	MTSS2	XM_044081304.1	2748	XP_043937239.1	718
122809653	Protopterus annectens	MTSS2	XM_044081301.1	2820	XP_043937236.1	742
122809653	Protopterus annectens	MTSS2	XM_044081306.1	2739	XP_043937241.1	715
122809653	Protopterus annectens	MTSS2	XM_044081302.1	2814	XP_043937237.1	740
122809653	Protopterus annectens	MTSS2	XM_044081305.1	2739	XP_043937240.1	715
122809653	Protopterus annectens	MTSS2	XM_044081303.1	2811	XP_043937238.1	739
122809653	Protopterus annectens	MTSS2	XM_044081307.1	2730	XP_043937242.1	712
125402471	Myodes glareolus	Mtss2	XM_048437262.1	4355	XP_048293219.1	695
125402471	Myodes glareolus	Mtss2	XM_048437260.1	4451	XP_048293217.1	727
125402471	Myodes glareolus	Mtss2	XM_048437261.1	4364	XP_048293218.1	698
125402471	Myodes glareolus	Mtss2	XM_048437259.1	4460	XP_048293216.1	730
125620745	Caretta caretta	MTSS2	XM_048816836.1	7353	XP_048672793.1	755
125620745	Caretta caretta	MTSS2	XM_048816834.1	7374	XP_048672791.1	762
125620745	Caretta caretta	MTSS2	XM_048816835.1	7371	XP_048672792.1	761
125620745	Caretta caretta	MTSS2	XM_048816837.1	7307	XP_048672794.1	740
125620745	Caretta caretta	MTSS2	XM_048816838.1	7298	XP_048672795.1	737
125620745	Caretta caretta	MTSS2	XM_048816840.1	7232	XP_048672797.1	715
125620745	Caretta caretta	MTSS2	XM_048816839.1	7289	XP_048672796.1	734
125620745	Caretta caretta	MTSS2	XM_048816842.1	7222	XP_048672799.1	712
126041074	Astur gentilis	MTSS2	XM_049806329.1	2373	XP_049662286.1	739
126041074	Astur gentilis	MTSS2	XM_049806325.1	2454	XP_049662282.1	766
126041074	Astur gentilis	MTSS2	XM_049806327.1	2412	XP_049662284.1	752
126041074	Astur gentilis	MTSS2	XM_049806324.1	2457	XP_049662281.1	767
126041074	Astur gentilis	MTSS2	XM_049806331.1	3558	XP_049662288.1	712
126041074	Astur gentilis	MTSS2	XM_049806328.1	3642	XP_049662285.1	740
126041074	Astur gentilis	MTSS2	XM_049806326.1	3687	XP_049662283.1	755
127389373	Apus apus	MTSS2	XM_051629793.1	1822	XP_051485753.1	121
128146175	Harpia harpyja	MTSS2	XM_052797346.1	3959	XP_052653306.1	712
128146175	Harpia harpyja	MTSS2	XM_052797345.1	4040	XP_052653305.1	739
128146175	Harpia harpyja	MTSS2	XM_052797344.1	4042	XP_052653304.1	740
129015568	Pongo pygmaeus	MTSS2	XM_054453749.2	5199	XP_054309724.1	819
129015568	Pongo pygmaeus	MTSS2	XM_054453751.2	5124	XP_054309726.1	794
129015568	Pongo pygmaeus	MTSS2	XM_054453750.2	5124	XP_054309725.1	794
129015568	Pongo pygmaeus	MTSS2	XM_054453752.2	5102	XP_054309727.1	787
129015568	Pongo pygmaeus	MTSS2	XM_063654517.1	5027	XP_063510587.1	762
129015568	Pongo pygmaeus	MTSS2	XM_063654518.1	4952	XP_063510588.1	737
129015568	Pongo pygmaeus	MTSS2	XM_054453753.2	4972	XP_054309728.1	744
129015568	Pongo pygmaeus	MTSS2	XM_063654519.1	4897	XP_063510589.1	719
129015568	Pongo pygmaeus	MTSS2	XM_054453754.2	4875	XP_054309729.1	712
129015568	Pongo pygmaeus	MTSS2	XM_063654520.1	4800	XP_063510590.1	687
131089421	Melospiza georgiana	MTSS2	XM_058034164.1	2990	XP_057890147.1	712
131089421	Melospiza georgiana	MTSS2	XM_058034166.1	3071	XP_057890149.1	739
131089421	Melospiza georgiana	MTSS2	XM_058034162.1	3074	XP_057890145.1	740
131089421	Melospiza georgiana	MTSS2	XM_058034161.1	3077	XP_057890144.1	741
131089421	Melospiza georgiana	MTSS2	XM_058034165.1	3074	XP_057890148.1	740
131089421	Melospiza georgiana	MTSS2	XM_058034160.1	3077	XP_057890143.1	741
131089421	Melospiza georgiana	MTSS2	XM_058034159.1	3080	XP_057890142.1	742
131089421	Melospiza georgiana	MTSS2	XM_058034163.1	3005	XP_057890146.1	717
131089421	Melospiza georgiana	MTSS2	XM_058034158.1	3083	XP_057890141.1	743
131089421	Melospiza georgiana	MTSS2	XM_058034155.1	3086	XP_057890138.1	744
131089421	Melospiza georgiana	MTSS2	XM_058034156.1	3083	XP_057890139.1	743
131089421	Melospiza georgiana	MTSS2	XM_058034153.1	3086	XP_057890136.1	744
131089421	Melospiza georgiana	MTSS2	XM_058034154.1	3086	XP_057890137.1	744
131089421	Melospiza georgiana	MTSS2	XM_058034152.1	3089	XP_057890135.1	745
131347354	Hemibagrus wyckioides	mtss1lb	XM_058381357.1	8859	XP_058237340.1	741
131347354	Hemibagrus wyckioides	mtss1lb	XM_058381358.1	8774	XP_058237341.1	713
131347354	Hemibagrus wyckioides	mtss1lb	XM_058381356.1	8861	XP_058237339.1	742
132005554	Mustela nigripes	MTSS2	XM_059382793.1	4549	XP_059238776.1	702
132005554	Mustela nigripes	MTSS2	XM_059382792.1	4560	XP_059238775.1	706
132005554	Mustela nigripes	MTSS2	XM_059382789.1	4655	XP_059238772.1	738
132005554	Mustela nigripes	MTSS2	XM_059382791.1	4580	XP_059238774.1	713
132005554	Mustela nigripes	MTSS2	XM_059382794.1	4193	XP_059238777.1	593
137455619	Melanerpes formicivorus	MTSS2	XM_068166615.1	2271	XP_068022716.1	686
100718220	Cavia porcellus	Mtss2	XM_063247640.1	4761	XP_063103710.1	724
100718220	Cavia porcellus	Mtss2	XM_063247639.1	4835	XP_063103709.1	749
100718220	Cavia porcellus	Mtss2	XM_063247641.1	4739	XP_063103711.1	717
100718220	Cavia porcellus	Mtss2	XM_063247642.1	4724	XP_063103712.1	687
101050829	Saimiri boliviensis	MTSS2	XM_010350654.2	4859	XP_010348956.1	712
101050829	Saimiri boliviensis	MTSS2	XM_010350651.2	4955	XP_010348953.1	744
101050829	Saimiri boliviensis	MTSS2	XM_010350653.2	4868	XP_010348955.1	715
101050829	Saimiri boliviensis	MTSS2	XM_010350652.2	4889	XP_010348954.1	722
101050829	Saimiri boliviensis	MTSS2	XM_003939930.3	4964	XP_003939979.1	747
102172835	Capra hircus	MTSS2	XM_018061666.1	4633	XP_017917155.1	715
102172835	Capra hircus	MTSS2	XM_018061664.1	4707	XP_017917153.1	740
102172835	Capra hircus	MTSS2	XM_018061667.1	4611	XP_017917156.1	708
102172835	Capra hircus	MTSS2	XM_018061665.1	4698	XP_017917154.1	737
102172835	Capra hircus	MTSS2	XM_018061668.1	4602	XP_017917157.1	705
103378637	Cynoglossus semilaevis	mtss1lb	XM_008309913.3	4306	XP_008308135.1	805
103378637	Cynoglossus semilaevis	mtss1lb	XM_025055543.1	4295	XP_024911311.1	802
103378637	Cynoglossus semilaevis	mtss1lb	XM_017032688.2	3556	XP_016888177.1	778
107151056	Marmota marmota marmota	Mtss2	XM_015496305.2	2315	XP_015351791.1	577
110337429	Mus pahari	Mtss2	XM_029532378.1	4742	XP_029388238.1	750
110337429	Mus pahari	Mtss2	XM_029532379.1	4733	XP_029388239.1	747
110337429	Mus pahari	Mtss2	XM_021220336.2	4738	XP_021075995.1	749
110337429	Mus pahari	Mtss2	XM_029532380.1	4644	XP_029388240.1	718
110337429	Mus pahari	Mtss2	XM_021220337.2	4796	XP_021075996.1	714
112300765	Desmodus rotundus	MTSS2	XM_045191815.3	4870	XP_045047750.1	714
112300765	Desmodus rotundus	MTSS2	XM_024556101.4	4943	XP_024411869.1	739
112300765	Desmodus rotundus	MTSS2	XM_024556103.4	4846	XP_024411871.1	707
112943281	Nothoprocta perdicaria	MTSS2	XM_026034427.1	2547	XP_025890212.1	743
112943281	Nothoprocta perdicaria	MTSS2	XM_026034429.1	2466	XP_025890214.1	716
112943281	Nothoprocta perdicaria	MTSS2	XM_026034428.1	2541	XP_025890213.1	741
112943281	Nothoprocta perdicaria	MTSS2	XM_026034431.1	2538	XP_025890216.1	740
112943281	Nothoprocta perdicaria	MTSS2	XM_026034430.1	2454	XP_025890215.1	712
113422986	Notechis scutatus	MTSS2	XM_026684187.1	6236	XP_026539972.1	662
113422986	Notechis scutatus	MTSS2	XM_026684186.1	6356	XP_026539971.1	702
115772149	Archocentrus centrarchus	mtss1lb	XM_030718132.1	5948	XP_030573992.1	806
116494173	Aythya fuligula	MTSS2	XM_032195904.1	2702	XP_032051795.1	747
116494173	Aythya fuligula	MTSS2	XM_032195903.1	2705	XP_032051794.1	748
121076732	Cygnus olor	MTSS2	XM_040571304.1	2403	XP_040427238.1	747
121076732	Cygnus olor	MTSS2	XM_040571305.1	2400	XP_040427239.1	746
121076732	Cygnus olor	MTSS2	XM_040571307.1	2394	XP_040427241.1	744
121076732	Cygnus olor	MTSS2	XM_040571308.1	2391	XP_040427242.1	743
121348903	Pyrgilauda ruficollis	MTSS2	XM_041458902.1	2456	XP_041314836.1	743
121348903	Pyrgilauda ruficollis	MTSS2	XM_041458906.1	2375	XP_041314840.1	716
121348903	Pyrgilauda ruficollis	MTSS2	XM_041458900.1	2458	XP_041314834.1	744
121348903	Pyrgilauda ruficollis	MTSS2	XM_041458903.1	2383	XP_041314837.1	719
121348903	Pyrgilauda ruficollis	MTSS2	XM_041458901.1	2453	XP_041314835.1	743
121348903	Pyrgilauda ruficollis	MTSS2	XM_041458904.1	2378	XP_041314838.1	718
121348903	Pyrgilauda ruficollis	MTSS2	XM_041458908.1	2450	XP_041314842.1	742
121348903	Pyrgilauda ruficollis	MTSS2	XM_041458905.1	2375	XP_041314839.1	717
121348903	Pyrgilauda ruficollis	MTSS2	XM_041458907.1	2369	XP_041314841.1	715
127021190	Gymnogyps californianus	MTSS2	XM_050904153.1	3073	XP_050760110.1	746
130169135	Seriola aureovittata	mtss1lb	XM_056376015.1	12633	XP_056231990.1	865
130169135	Seriola aureovittata	mtss1lb	XM_056377584.1	12477	XP_056233559.1	813
130169135	Seriola aureovittata	mtss1lb	XM_056376828.1	12489	XP_056232803.1	817
131499955	Neofelis nebulosa	MTSS2	XM_058708540.1	4725	XP_058564523.1	710
131499955	Neofelis nebulosa	MTSS2	XM_058708541.1	4703	XP_058564524.1	703
131499955	Neofelis nebulosa	MTSS2	XM_058708539.1	4798	XP_058564522.1	735
132875070	Neoarius graeffei	mtss1lb	XM_060911662.1	3795	XP_060767645.1	713
132875070	Neoarius graeffei	mtss1lb	XM_060911661.1	3881	XP_060767644.1	742
132979088	Labrus mixtus	mtss1lb	XM_061044601.1	12717	XP_060900584.1	819
132979088	Labrus mixtus	mtss1lb	XM_061044593.1	12854	XP_060900576.1	865
132979088	Labrus mixtus	mtss1lb	XM_061044610.1	12697	XP_060900593.1	813
133457953	Cololabis saira	mtss1lb	XM_061737356.1	11030	XP_061593340.1	810
133457953	Cololabis saira	mtss1lb	XM_061737364.1	11003	XP_061593348.1	801
133457953	Cololabis saira	mtss1lb	XM_061737349.1	11159	XP_061593333.1	853
134969725	Pseudophryne corroboree	MTSS2	XM_063945862.1	11935	XP_063801932.1	711
134969725	Pseudophryne corroboree	MTSS2	XM_063945861.1	12009	XP_063801931.1	736
136312564	Saccopteryx bilineata	MTSS2	XM_066242091.1	4938	XP_066098188.1	739
136312564	Saccopteryx bilineata	MTSS2	XM_066242092.1	4863	XP_066098189.1	714
136312564	Saccopteryx bilineata	MTSS2	XM_066242094.1	4842	XP_066098191.1	707
138997122	Myotis yumanensis	MTSS2	XM_070398566.1	4741	XP_070254667.1	714
138997122	Myotis yumanensis	MTSS2	XM_070398565.1	4812	XP_070254666.1	739
138997122	Myotis yumanensis	MTSS2	XM_070398567.1	4714	XP_070254668.1	707
139171984	Erythrolamprus reginae	MTSS2	XM_070760567.1	5098	XP_070616668.1	711
139171984	Erythrolamprus reginae	MTSS2	XM_070760568.1	5023	XP_070616669.1	686
139596335	Agelaius tricolor	MTSS2	XM_071440544.1	4153	XP_071296645.1	717
139596335	Agelaius tricolor	MTSS2	XM_071440539.1	4224	XP_071296640.1	741
139596335	Agelaius tricolor	MTSS2	XM_071440534.1	4233	XP_071296635.1	744
139596335	Agelaius tricolor	MTSS2	XM_071440531.1	4236	XP_071296632.1	745
139596335	Agelaius tricolor	MTSS2	XM_071440541.1	4220	XP_071296642.1	740
139596335	Agelaius tricolor	MTSS2	XM_071440537.1	4226	XP_071296638.1	742
139596335	Agelaius tricolor	MTSS2	XM_071440536.1	4229	XP_071296637.1	743
139596335	Agelaius tricolor	MTSS2	XM_071440542.1	4157	XP_071296643.1	719
139596335	Agelaius tricolor	MTSS2	XM_071440538.1	4222	XP_071296639.1	741
139596335	Agelaius tricolor	MTSS2	XM_071440533.1	4231	XP_071296634.1	744
139596335	Agelaius tricolor	MTSS2	XM_071440547.1	4134	XP_071296648.1	712
139596335	Agelaius tricolor	MTSS2	XM_071440546.1	4140	XP_071296647.1	714
139596335	Agelaius tricolor	MTSS2	XM_071440543.1	4152	XP_071296644.1	718
139596335	Agelaius tricolor	MTSS2	XM_071440532.1	4230	XP_071296633.1	744
139596335	Agelaius tricolor	MTSS2	XM_071440545.1	4142	XP_071296646.1	715
139596335	Agelaius tricolor	MTSS2	XM_071440535.1	4226	XP_071296636.1	743
140521511	Notamacropus eugenii	MTSS2	XM_072636590.1	6434	XP_072492691.1	774
140521511	Notamacropus eugenii	MTSS2	XM_072636589.1	6437	XP_072492690.1	775
140521511	Notamacropus eugenii	MTSS2	XM_072636595.1	6331	XP_072492696.1	740
140521511	Notamacropus eugenii	MTSS2	XM_072636594.1	6334	XP_072492695.1	741
140521511	Notamacropus eugenii	MTSS2	XM_072636593.1	6352	XP_072492694.1	747
140521511	Notamacropus eugenii	MTSS2	XM_072636592.1	6358	XP_072492693.1	749
140521511	Notamacropus eugenii	MTSS2	XM_072636591.1	6361	XP_072492692.1	750
140521511	Notamacropus eugenii	MTSS2	XM_072636599.1	6249	XP_072492700.1	713
140521511	Notamacropus eugenii	MTSS2	XM_072636598.1	6255	XP_072492699.1	715
140521511	Notamacropus eugenii	MTSS2	XM_072636596.1	6276	XP_072492697.1	722
140521511	Notamacropus eugenii	MTSS2	XM_072636597.1	6257	XP_072492698.1	716
140521511	Notamacropus eugenii	MTSS2	XM_072636600.1	6172	XP_072492701.1	688
101538681	Sorex araneus	MTSS2	XM_055146290.1	3841	XP_055002265.1	709
101538681	Sorex araneus	MTSS2	XM_055146284.1	4039	XP_055002259.1	775
101538681	Sorex araneus	MTSS2	XM_055146289.1	3937	XP_055002264.1	741
101538681	Sorex araneus	MTSS2	XM_055146288.1	3940	XP_055002263.1	742
101538681	Sorex araneus	MTSS2	XM_055146287.1	3973	XP_055002262.1	753
101538681	Sorex araneus	MTSS2	XM_055146286.1	3976	XP_055002261.1	754
101538681	Sorex araneus	MTSS2	XM_055146285.1	4018	XP_055002260.1	768
101538681	Sorex araneus	MTSS2	XM_055146283.1	4135	XP_055002258.1	807
102271521	Bos mutus	MTSS2	XM_070388747.1	3607	XP_070244848.1	757
102271521	Bos mutus	MTSS2	XM_070388748.1	3643	XP_070244849.1	789
102887322	Pteropus alecto	MTSS2	XM_015587675.2	4505	XP_015443161.1	621
103116709	Erinaceus europaeus	MTSS2	XM_060185186.1	4746	XP_060041169.1	782
103116709	Erinaceus europaeus	MTSS2	XM_060185187.1	4673	XP_060041170.1	758
103116709	Erinaceus europaeus	MTSS2	XM_060185185.1	4747	XP_060041168.1	783
103116709	Erinaceus europaeus	MTSS2	XM_060185188.1	4650	XP_060041171.1	751
103116709	Erinaceus europaeus	MTSS2	XM_060185189.1	4649	XP_060041172.1	751
103116709	Erinaceus europaeus	MTSS2	XM_060185191.1	4555	XP_060041174.1	721
103116709	Erinaceus europaeus	MTSS2	XM_060185190.1	4630	XP_060041173.1	746
103116709	Erinaceus europaeus	MTSS2	XM_016189799.2	4532	XP_016045285.1	714
105807999	Propithecus coquereli	MTSS2	XM_012641545.1	4059	XP_012496999.1	752
105807999	Propithecus coquereli	MTSS2	XM_012641538.1	4587	XP_012496992.1	744
105807999	Propithecus coquereli	MTSS2	XM_012641541.1	4491	XP_012496995.1	712
105807999	Propithecus coquereli	MTSS2	XM_012641540.1	4578	XP_012496994.1	741
105807999	Propithecus coquereli	MTSS2	XM_012641543.1	4431	XP_012496997.1	692
105807999	Propithecus coquereli	MTSS2	XM_012641539.1	3829	XP_012496993.1	744
105807999	Propithecus coquereli	MTSS2	XM_012641544.1	3678	XP_012496998.1	621
108527379	Rhinopithecus bieti	MTSS2	XM_017868619.1	4596	XP_017724108.1	708
110081289	Pogona vitticeps	MTSS2	XM_020797868.1	2254	XP_020653527.1	732
114063440	Empidonax traillii	MTSS2	XM_027895717.1	2230	XP_027751518.1	712
114063440	Empidonax traillii	MTSS2	XM_027895713.1	2311	XP_027751514.1	739
114063440	Empidonax traillii	MTSS2	XM_027895712.1	2314	XP_027751513.1	740
114063440	Empidonax traillii	MTSS2	XM_027895711.1	2314	XP_027751512.1	740
114063440	Empidonax traillii	MTSS2	XM_027895710.1	2317	XP_027751511.1	741
114063440	Empidonax traillii	MTSS2	XM_027895716.1	2239	XP_027751517.1	715
114063440	Empidonax traillii	MTSS2	XM_027895715.1	2242	XP_027751516.1	716
114063440	Empidonax traillii	MTSS2	XM_027895709.1	2320	XP_027751510.1	742
114063440	Empidonax traillii	MTSS2	XM_027895708.1	2323	XP_027751509.1	743
114063440	Empidonax traillii	MTSS2	XM_027895707.1	2323	XP_027751508.1	743
114063440	Empidonax traillii	MTSS2	XM_027895706.1	2326	XP_027751507.1	744
114657791	Erpetoichthys calabaricus	mtss1lb	XM_028809688.2	7334	XP_028665521.1	729
114657791	Erpetoichthys calabaricus	mtss1lb	XM_051931520.1	7559	XP_051787480.1	804
114657791	Erpetoichthys calabaricus	mtss1lb	XM_028809683.2	7454	XP_028665516.1	769
114657791	Erpetoichthys calabaricus	mtss1lb	XM_028809687.2	7337	XP_028665520.1	730
114657791	Erpetoichthys calabaricus	mtss1lb	XM_028809689.2	7412	XP_028665522.1	755
114657791	Erpetoichthys calabaricus	mtss1lb	XM_051931519.1	7562	XP_051787479.1	805
114657791	Erpetoichthys calabaricus	mtss1lb	XM_028809682.2	7457	XP_028665515.1	770
115580690	Sparus aurata	mtss1lb	XM_030415274.1	11057	XP_030271134.1	811
115580690	Sparus aurata	mtss1lb	XM_030415276.1	10919	XP_030271136.1	765
115580690	Sparus aurata	mtss1lb	XM_030415275.1	11048	XP_030271135.1	808
116579202	Mustela erminea	MTSS2	XM_032324226.1	4643	XP_032180117.1	716
116579202	Mustela erminea	MTSS2	XM_032324230.1	4633	XP_032180121.1	713
116579202	Mustela erminea	MTSS2	XM_032324224.1	4715	XP_032180115.1	741
116579202	Mustela erminea	MTSS2	XM_032324225.1	4706	XP_032180116.1	738
116579202	Mustela erminea	MTSS2	XM_032324227.1	4618	XP_032180118.1	709
116579202	Mustela erminea	MTSS2	XM_032324228.1	4609	XP_032180119.1	706
116579202	Mustela erminea	MTSS2	XM_032324229.1	4268	XP_032180120.1	593
116833724	Chelonoidis abingdonii	MTSS2	XM_032795419.1	4772	XP_032651310.1	735
116960325	Tyto alba	MTSS2	XM_042797734.1	2638	XP_042653668.1	742
116960325	Tyto alba	MTSS2	XM_042797733.1	2640	XP_042653667.1	743
116960325	Tyto alba	MTSS2	XM_042797735.1	2556	XP_042653669.1	715
118159962	Oxyura jamaicensis	MTSS2	XM_035314496.1	2283	XP_035170387.1	626
118159962	Oxyura jamaicensis	MTSS2	XM_035314495.1	2285	XP_035170386.1	627
123625454	Lemur catta	MTSS2	XM_045533983.1	4812	XP_045389939.1	769
123625454	Lemur catta	MTSS2	XM_045533988.1	4447	XP_045389944.1	717
123625454	Lemur catta	MTSS2	XM_045533984.1	4594	XP_045389940.1	766
123625454	Lemur catta	MTSS2	XM_045533986.1	4507	XP_045389942.1	737
123625454	Lemur catta	MTSS2	XM_045533985.1	4552	XP_045389941.1	752
125184626	Anser cygnoides	MTSS2	XM_067004715.1	3802	XP_066860816.1	744
125184626	Anser cygnoides	MTSS2	XM_067004716.1	3799	XP_066860817.1	743
125184626	Anser cygnoides	MTSS2	XM_067004714.1	4742	XP_066860815.1	819
125184626	Anser cygnoides	MTSS2	XM_067004713.1	4743	XP_066860814.1	820
129527704	Gorilla gorilla gorilla	MTSS2	XM_063699722.1	4797	XP_063555792.1	719
129527704	Gorilla gorilla gorilla	MTSS2	XM_055366383.2	4872	XP_055222358.1	744
129527704	Gorilla gorilla gorilla	MTSS2	XM_055366386.2	4772	XP_055222361.1	712
129527704	Gorilla gorilla gorilla	MTSS2	XM_063699723.1	4744	XP_063555793.1	716
129527704	Gorilla gorilla gorilla	MTSS2	XM_063699724.1	4739	XP_063555794.1	712
129527704	Gorilla gorilla gorilla	MTSS2	XM_055366385.2	4814	XP_055222360.1	737
129527704	Gorilla gorilla gorilla	MTSS2	XM_063699720.1	4835	XP_063555790.1	744
129527704	Gorilla gorilla gorilla	MTSS2	XM_055366382.2	4910	XP_055222357.1	769
129527704	Gorilla gorilla gorilla	MTSS2	XM_055366384.2	4826	XP_055222359.1	741
129527704	Gorilla gorilla gorilla	MTSS2	XM_063699721.1	4826	XP_063555791.1	741
129527704	Gorilla gorilla gorilla	MTSS2	XM_063699719.1	4901	XP_063555789.1	766
129527704	Gorilla gorilla gorilla	MTSS2	XM_063699727.1	4378	XP_063555797.1	600
129527704	Gorilla gorilla gorilla	MTSS2	XM_063699726.1	4453	XP_063555796.1	625
129527704	Gorilla gorilla gorilla	MTSS2	XM_063699725.1	4549	XP_063555795.1	657
129527704	Gorilla gorilla gorilla	MTSS2	XM_055366387.2	4452	XP_055222362.1	599
130232233	Danio aesculapii	mtss1lb	XM_056462010.1	3777	XP_056317985.1	712
130232233	Danio aesculapii	mtss1lb	XM_056462009.1	4014	XP_056317984.1	791
130555229	Triplophysa rosa	mtss1lb	XM_057335285.1	5032	XP_057191268.1	722
130555229	Triplophysa rosa	mtss1lb	XM_057335264.1	5119	XP_057191247.1	751
130555229	Triplophysa rosa	mtss1lb	XM_057335292.1	5022	XP_057191275.1	719
130555229	Triplophysa rosa	mtss1lb	XM_057335276.1	5109	XP_057191259.1	748
132690162	Panthera onca	MTSS2	XM_060650180.1	4741	XP_060506163.1	710
132690162	Panthera onca	MTSS2	XM_060650181.1	4718	XP_060506164.1	703
132690162	Panthera onca	MTSS2	XM_060650179.1	4814	XP_060506162.1	735
133229934	Bos javanicus	MTSS2	XM_061386682.1	4710	XP_061242666.1	737
133229934	Bos javanicus	MTSS2	XM_061386683.1	4614	XP_061242667.1	705
133417330	Phycodurus eques	mtss1lb	XM_061705075.1	6375	XP_061561059.1	753
133417330	Phycodurus eques	mtss1lb	XM_061705051.1	6501	XP_061561035.1	795
133417330	Phycodurus eques	mtss1lb	XM_061705041.1	6504	XP_061561025.1	796
133417330	Phycodurus eques	mtss1lb	XM_061705068.1	6384	XP_061561052.1	756
133417330	Phycodurus eques	mtss1lb	XM_061705099.1	6543	XP_061561083.1	809
133417330	Phycodurus eques	mtss1lb	XM_061705059.1	6387	XP_061561043.1	757
133417330	Phycodurus eques	mtss1lb	XM_061705032.1	6510	XP_061561016.1	798
133417330	Phycodurus eques	mtss1lb	XM_061705092.1	6669	XP_061561076.1	851
133417330	Phycodurus eques	mtss1lb	XM_061705022.1	6513	XP_061561006.1	799
133417330	Phycodurus eques	mtss1lb	XM_061705084.1	6009	XP_061561068.1	710
140210384	Mobula birostris	mtss1lb	XM_072279296.1	8620	XP_072135397.1	795
140210384	Mobula birostris	mtss1lb	XM_072279294.1	8517	XP_072135395.1	796
140210384	Mobula birostris	mtss1lb	XM_072279303.1	8355	XP_072135404.1	707
140210384	Mobula birostris	mtss1lb	XM_072279300.1	8475	XP_072135401.1	747
140210384	Mobula birostris	mtss1lb	XM_072279295.1	8619	XP_072135396.1	795
140210384	Mobula birostris	mtss1lb	XM_072279302.1	8358	XP_072135403.1	708
140210384	Mobula birostris	mtss1lb	XM_072279301.1	8433	XP_072135402.1	733
140210384	Mobula birostris	mtss1lb	XM_072279299.1	8478	XP_072135400.1	748
140210384	Mobula birostris	mtss1lb	XM_072279293.1	8622	XP_072135394.1	796
140210384	Mobula birostris	mtss1lb	XM_072279297.1	8075	XP_072135398.1	756
140257164	Excalfactoria chinensis	MTSS2	XM_072346239.1	4001	XP_072202340.1	737
140257164	Excalfactoria chinensis	MTSS2	XM_072346234.1	3865	XP_072202335.1	736
140257164	Excalfactoria chinensis	MTSS2	XM_072346237.1	3784	XP_072202338.1	709
140257164	Excalfactoria chinensis	MTSS2	XM_072346233.1	3868	XP_072202334.1	737
140257164	Excalfactoria chinensis	MTSS2	XM_072346235.1	3859	XP_072202336.1	734
140257164	Excalfactoria chinensis	MTSS2	XM_072346236.1	3856	XP_072202337.1	733
140257164	Excalfactoria chinensis	MTSS2	XM_072346238.1	3775	XP_072202339.1	706
140453167	Chiloscyllium punctatum	mtss1lb	XM_072547644.1	3326	XP_072403745.1	710
140453167	Chiloscyllium punctatum	mtss1lb	XM_072547633.1	3572	XP_072403734.1	792
140453167	Chiloscyllium punctatum	mtss1lb	XM_072547643.1	3332	XP_072403744.1	712
140453167	Chiloscyllium punctatum	mtss1lb	XM_072547638.1	3452	XP_072403739.1	752
140453167	Chiloscyllium punctatum	mtss1lb	XM_072547631.1	3653	XP_072403732.1	819
140453167	Chiloscyllium punctatum	mtss1lb	XM_072547642.1	3335	XP_072403743.1	713
140453167	Chiloscyllium punctatum	mtss1lb	XM_072547637.1	3455	XP_072403738.1	753
140453167	Chiloscyllium punctatum	mtss1lb	XM_072547636.1	3464	XP_072403737.1	756
140453167	Chiloscyllium punctatum	mtss1lb	XM_072547645.1	3647	XP_072403746.1	817
140453167	Chiloscyllium punctatum	mtss1lb	XM_072547629.1	3656	XP_072403730.1	820
140453167	Chiloscyllium punctatum	mtss1lb	XM_072547641.1	3353	XP_072403742.1	719
140453167	Chiloscyllium punctatum	mtss1lb	XM_072547634.1	3545	XP_072403735.1	783
140453167	Chiloscyllium punctatum	mtss1lb	XM_072547640.1	3419	XP_072403741.1	741
140453167	Chiloscyllium punctatum	mtss1lb	XM_072547639.1	3428	XP_072403740.1	744
140453167	Chiloscyllium punctatum	mtss1lb	XM_072547635.1	3473	XP_072403736.1	759
140453167	Chiloscyllium punctatum	mtss1lb	XM_072547630.1	3656	XP_072403731.1	820
100582810	Nomascus leucogenys	MTSS2	XM_030829526.1	4928	XP_030685386.1	747
100582810	Nomascus leucogenys	MTSS2	XM_030829536.1	4821	XP_030685396.1	712
100582810	Nomascus leucogenys	MTSS2	XM_030829528.1	4917	XP_030685388.1	744
100582810	Nomascus leucogenys	MTSS2	XM_030829523.1	4755	XP_030685383.1	769
100582810	Nomascus leucogenys	MTSS2	XM_030829533.1	4668	XP_030685393.1	740
100582810	Nomascus leucogenys	MTSS2	XM_030829516.1	4764	XP_030685376.1	772
100582810	Nomascus leucogenys	MTSS2	XM_030829542.1	4788	XP_030685402.1	685
101918382	Falco peregrinus	MTSS2	XM_055819086.1	4252	XP_055675061.1	714
101918382	Falco peregrinus	MTSS2	XM_055819082.1	4372	XP_055675057.1	754
101918382	Falco peregrinus	MTSS2	XM_055819080.1	4375	XP_055675055.1	755
101918382	Falco peregrinus	MTSS2	XM_055819084.1	4290	XP_055675059.1	727
101918382	Falco peregrinus	MTSS2	XM_055819085.1	4254	XP_055675060.1	715
101918382	Falco peregrinus	MTSS2	XM_055819083.1	4329	XP_055675058.1	740
101918382	Falco peregrinus	MTSS2	XM_055819087.1	4244	XP_055675062.1	712
103196649	Orycteropus afer afer	MTSS2	XM_042780887.1	2823	XP_042636821.1	940
103816831	Serinus canaria	MTSS2	XM_050979005.1	3789	XP_050834962.1	740
103816831	Serinus canaria	MTSS2	XM_030227604.2	3704	XP_030083464.1	712
103816831	Serinus canaria	MTSS2	XM_030227603.2	3710	XP_030083463.1	714
103816831	Serinus canaria	MTSS2	XM_030227599.2	3785	XP_030083459.1	739
103816831	Serinus canaria	MTSS2	XM_030227598.2	3788	XP_030083458.1	740
103816831	Serinus canaria	MTSS2	XM_050979004.1	3791	XP_050834961.1	741
103816831	Serinus canaria	MTSS2	XM_030227596.2	3797	XP_030083456.1	743
103816831	Serinus canaria	MTSS2	XM_030227601.2	3712	XP_030083461.1	715
104147259	Struthio camelus	MTSS2	XM_068955849.1	3419	XP_068811950.1	712
104147259	Struthio camelus	MTSS2	XM_068955848.1	3425	XP_068811949.1	714
104147259	Struthio camelus	MTSS2	XM_068955844.1	3500	XP_068811945.1	739
104147259	Struthio camelus	MTSS2	XM_068955847.1	3428	XP_068811948.1	715
104147259	Struthio camelus	MTSS2	XM_068955843.1	3503	XP_068811944.1	740
104147259	Struthio camelus	MTSS2	XM_068955850.1	3353	XP_068811951.1	690
104147259	Struthio camelus	MTSS2	XM_068955846.1	3428	XP_068811947.1	715
104147259	Struthio camelus	MTSS2	XM_068955842.1	3509	XP_068811943.1	742
104147259	Struthio camelus	MTSS2	XM_068955845.1	3437	XP_068811946.1	718
104147259	Struthio camelus	MTSS2	XM_068955841.1	3512	XP_068811942.1	743
107730258	Sinocyclocheilus rhinocerous	mtss1lb	XM_016541034.1	3844	XP_016396520.1	721
107730258	Sinocyclocheilus rhinocerous	mtss1lb	XM_016541035.1	3844	XP_016396521.1	721
107730258	Sinocyclocheilus rhinocerous	mtss1lb	XM_016541032.1	3853	XP_016396518.1	724
107730258	Sinocyclocheilus rhinocerous	mtss1lb	XM_016541033.1	3853	XP_016396519.1	724
107730258	Sinocyclocheilus rhinocerous	mtss1lb	XM_016541031.1	3940	XP_016396517.1	753
115279706	Suricata suricatta	MTSS2	XM_029924226.1	2901	XP_029780086.1	657
115856830	Globicephala melas	MTSS2	XM_030863398.2	4807	XP_030719258.1	715
115856830	Globicephala melas	MTSS2	XM_030863396.2	4902	XP_030719256.1	747
117391436	Periophthalmus magnuspinnatus	mtss1lb	XM_033989270.2	6467	XP_033845161.1	795
120469142	Pimephales promelas	mtss1lb	XM_039657942.1	7417	XP_039513876.1	716
120469142	Pimephales promelas	mtss1lb	XM_039657925.1	7504	XP_039513859.1	745
120469142	Pimephales promelas	mtss1lb	XM_039657933.1	7426	XP_039513867.1	719
120469142	Pimephales promelas	mtss1lb	XM_039657917.1	7513	XP_039513851.1	748
120917776	Rana temporaria	MTSS2	XM_040329302.1	2773	XP_040185236.1	740
120917776	Rana temporaria	MTSS2	XM_040329305.1	2701	XP_040185239.1	716
120917776	Rana temporaria	MTSS2	XM_040329303.1	2770	XP_040185237.1	739
120917776	Rana temporaria	MTSS2	XM_040329304.1	2761	XP_040185238.1	736
120917776	Rana temporaria	MTSS2	XM_040329306.1	2689	XP_040185240.1	712
125966962	Syngnathus scovelli	mtss1lb	XM_049717580.2	3163	XP_049573537.1	809
125966962	Syngnathus scovelli	mtss1lb	XM_049717579.1	3283	XP_049573536.1	849
125966962	Syngnathus scovelli	mtss1lb	XM_068650457.1	3154	XP_068506558.1	806
125966962	Syngnathus scovelli	mtss1lb	XM_049717581.2	3128	XP_049573538.1	798
125966962	Syngnathus scovelli	mtss1lb	XM_068650458.1	3119	XP_068506559.1	795
125966962	Syngnathus scovelli	mtss1lb	XM_049717582.2	2987	XP_049573539.1	787
128467198	Spea bombifrons	MTSS2	XM_053448753.1	3109	XP_053304728.1	704
128467198	Spea bombifrons	MTSS2	XM_053448752.1	3178	XP_053304727.1	727
129125480	Agelaius phoeniceus	MTSS2	XM_054640944.1	3077	XP_054496919.1	741
129125480	Agelaius phoeniceus	MTSS2	XM_054640945.1	2999	XP_054496920.1	715
129125480	Agelaius phoeniceus	MTSS2	XM_054640947.1	2996	XP_054496922.1	714
129125480	Agelaius phoeniceus	MTSS2	XM_054640948.1	2990	XP_054496923.1	712
129212381	Grus americana	MTSS2	XM_054840886.1	3962	XP_054696861.1	739
129212381	Grus americana	MTSS2	XM_054840887.1	3880	XP_054696862.1	712
129212381	Grus americana	MTSS2	XM_054840884.1	3964	XP_054696859.1	740
129496606	Nyctereutes procyonoides	MTSS2	XM_055304723.1	4658	XP_055160698.1	710
129496606	Nyctereutes procyonoides	MTSS2	XM_055304722.1	4732	XP_055160697.1	735
129496606	Nyctereutes procyonoides	MTSS2	XM_055304724.1	4635	XP_055160699.1	703
129496606	Nyctereutes procyonoides	MTSS2	XM_055304725.1	6282	XP_055160700.1	673
131459857	Solea solea	mtss1lb	XM_058629992.1	5119	XP_058485975.1	804
132353573	Balaenoptera ricei	MTSS2	XM_059904857.1	3338	XP_059760840.1	747
132353573	Balaenoptera ricei	MTSS2	XM_059904858.1	3242	XP_059760841.1	715
132353573	Balaenoptera ricei	MTSS2	XM_059904859.1	2908	XP_059760842.1	602
133626697	Colius striatus	MTSS2	XM_062007342.1	3793	XP_061863326.1	740
133626697	Colius striatus	MTSS2	XM_062007343.1	3790	XP_061863327.1	739
135256173	Anguilla rostrata	mtss1lb	XM_064338018.1	8645	XP_064194088.1	729
135421883	Pseudopipra pipra	MTSS2	XM_064670702.1	3687	XP_064526772.1	712
135421883	Pseudopipra pipra	MTSS2	XM_064670700.1	3768	XP_064526770.1	739
135421883	Pseudopipra pipra	MTSS2	XM_064670699.1	3771	XP_064526769.1	740
135421883	Pseudopipra pipra	MTSS2	XM_064670698.1	3771	XP_064526768.1	740
135421883	Pseudopipra pipra	MTSS2	XM_064670697.1	3774	XP_064526767.1	741
135421883	Pseudopipra pipra	MTSS2	XM_064670701.1	3699	XP_064526771.1	716
135421883	Pseudopipra pipra	MTSS2	XM_064670696.1	3777	XP_064526766.1	742
135421883	Pseudopipra pipra	MTSS2	XM_064670694.1	3780	XP_064526764.1	743
135421883	Pseudopipra pipra	MTSS2	XM_064670693.1	3780	XP_064526763.1	743
135421883	Pseudopipra pipra	MTSS2	XM_064670692.1	3783	XP_064526762.1	744
135421883	Pseudopipra pipra	MTSS2	XM_064670703.1	3430	XP_064526773.1	645
136366579	Sylvia atricapilla	MTSS2	XM_066327749.1	3950	XP_066183846.1	740
136366579	Sylvia atricapilla	MTSS2	XM_066327747.1	3952	XP_066183844.1	741
136366579	Sylvia atricapilla	MTSS2	XM_066327754.1	3868	XP_066183851.1	713
136366579	Sylvia atricapilla	MTSS2	XM_066327748.1	3948	XP_066183845.1	740
136366579	Sylvia atricapilla	MTSS2	XM_066327750.1	3945	XP_066183847.1	739
136366579	Sylvia atricapilla	MTSS2	XM_066327752.1	3872	XP_066183849.1	715
136366579	Sylvia atricapilla	MTSS2	XM_066327753.1	3869	XP_066183850.1	714
136366579	Sylvia atricapilla	MTSS2	XM_066327755.1	3863	XP_066183852.1	712
138213073	Embiotoca jacksoni	mtss1lb	XM_069173919.1	11955	XP_069030020.1	859
138213073	Embiotoca jacksoni	mtss1lb	XM_069173920.1	11835	XP_069030021.1	819
138213073	Embiotoca jacksoni	mtss1lb	XM_069173918.1	11964	XP_069030019.1	862
138213073	Embiotoca jacksoni	mtss1lb	XM_069173921.1	11807	XP_069030022.1	810
138213073	Embiotoca jacksoni	mtss1lb	XM_069173924.1	11797	XP_069030025.1	807
138213073	Embiotoca jacksoni	mtss1lb	XM_069173922.1	11274	XP_069030023.1	773
138213073	Embiotoca jacksoni	mtss1lb	XM_069173923.1	10950	XP_069030024.1	703
138788482	Dendropsophus ebraccatus	MTSS2	XM_069966375.1	6914	XP_069822476.1	711
138788482	Dendropsophus ebraccatus	MTSS2	XM_069966374.1	6986	XP_069822475.1	735
138788482	Dendropsophus ebraccatus	MTSS2	XM_069966376.1	6602	XP_069822477.1	673
138788482	Dendropsophus ebraccatus	MTSS2	XM_069966377.1	6447	XP_069822478.1	636
92154	Homo sapiens	MTSS2	XM_005256236.6	4874	XP_005256293.3	712
92154	Homo sapiens	MTSS2	XM_047434891.1	4931	XP_047290847.1	731
92154	Homo sapiens	MTSS2	XM_047434892.1	4895	XP_047290848.1	719
92154	Homo sapiens	MTSS2	XM_047434890.1	4970	XP_047290846.1	744
92154	Homo sapiens	MTSS2	XM_011523454.4	5027	XP_011521756.3	763
92154	Homo sapiens	MTSS2	XM_017023881.3	4883	XP_016879370.2	715
92154	Homo sapiens	MTSS2	XM_017023879.3	4940	XP_016879368.2	734
92154	Homo sapiens	MTSS2	XM_017023880.3	4904	XP_016879369.2	722
92154	Homo sapiens	MTSS2	NM_138383.3	4979	NP_612392.1	747
92154	Homo sapiens	MTSS2	XM_011523453.4	5036	XP_011521755.3	766
92154	Homo sapiens	MTSS2	XM_011523450.3	5202	XP_011521752.1	791
92154	Homo sapiens	MTSS2	XM_047434893.1	4288	XP_047290849.1	567
92154	Homo sapiens	MTSS2	XM_011523458.3	4421	XP_011521760.1	618
92154	Homo sapiens	MTSS2	XM_017023883.3	1588	XP_016879372.2	383
92154	Homo sapiens	MTSS2	XM_017023882.3	1573	XP_016879371.2	399
92154	Homo sapiens	MTSS2	XM_047434894.1	3083	XP_047290850.1	378
92154	Homo sapiens	MTSS2	XM_054314364.1	4871	XP_054170339.1	712
92154	Homo sapiens	MTSS2	XM_054314360.1	4928	XP_054170335.1	731
92154	Homo sapiens	MTSS2	XM_054314362.1	4892	XP_054170337.1	719
92154	Homo sapiens	MTSS2	XM_054314358.1	4967	XP_054170333.1	744
92154	Homo sapiens	MTSS2	XM_054314357.1	5024	XP_054170332.1	763
92154	Homo sapiens	MTSS2	XM_054314363.1	4880	XP_054170338.1	715
92154	Homo sapiens	MTSS2	XM_054314359.1	4937	XP_054170334.1	734
92154	Homo sapiens	MTSS2	XM_054314361.1	4901	XP_054170336.1	722
92154	Homo sapiens	MTSS2	XM_054314356.1	5033	XP_054170331.1	766
92154	Homo sapiens	MTSS2	XM_054314365.1	5199	XP_054170340.1	791
92154	Homo sapiens	MTSS2	XM_054314367.1	4285	XP_054170342.1	567
92154	Homo sapiens	MTSS2	XM_054314366.1	4418	XP_054170341.1	618
92154	Homo sapiens	MTSS2	XM_054314369.1	1588	XP_054170344.1	383
92154	Homo sapiens	MTSS2	XM_054314368.1	1573	XP_054170343.1	399
92154	Homo sapiens	MTSS2	XM_054314370.1	3088	XP_054170345.1	378
100075256	Ornithorhynchus anatinus	MTSS2	XM_039913413.1	6300	XP_039769347.1	720
100075256	Ornithorhynchus anatinus	MTSS2	XM_029074892.2	6374	XP_028930725.1	745
100075256	Ornithorhynchus anatinus	MTSS2	XM_029074893.2	6371	XP_028930726.1	744
100075256	Ornithorhynchus anatinus	MTSS2	XM_029074894.2	6365	XP_028930727.1	742
100075256	Ornithorhynchus anatinus	MTSS2	XM_039913414.1	6290	XP_039769348.1	717
100075256	Ornithorhynchus anatinus	MTSS2	XM_029074895.2	6362	XP_028930728.1	741
100075256	Ornithorhynchus anatinus	MTSS2	XM_039913415.1	6287	XP_039769349.1	716
100075256	Ornithorhynchus anatinus	MTSS2	XM_029074897.2	6289	XP_028930730.1	717
100075256	Ornithorhynchus anatinus	MTSS2	XM_029074898.2	6279	XP_028930731.1	714
100347563	Oryctolagus cuniculus	MTSS2	XM_051847270.2	4697	XP_051703230.1	712
100347563	Oryctolagus cuniculus	MTSS2	XM_051847271.2	4671	XP_051703231.1	705
100347563	Oryctolagus cuniculus	MTSS2	XM_051847269.2	4761	XP_051703229.1	737
100397603	Callithrix jacchus	MTSS2	XM_035282192.2	4908	XP_035138083.1	739
100397603	Callithrix jacchus	MTSS2	XM_035282194.2	4812	XP_035138085.1	707
100397603	Callithrix jacchus	MTSS2	XM_035282190.2	4826	XP_035138081.1	751
100397603	Callithrix jacchus	MTSS2	XM_054248696.1	4751	XP_054104671.1	726
100397603	Callithrix jacchus	MTSS2	XM_054248697.1	4730	XP_054104672.1	719
100397603	Callithrix jacchus	MTSS2	XM_035282196.2	4621	XP_035138087.1	692
100397603	Callithrix jacchus	MTSS2	XM_035282197.2	4525	XP_035138088.1	660
101154768	Oryzias latipes	mtss1lb	XM_023953714.1	9474	XP_023809482.1	812
101154768	Oryzias latipes	mtss1lb	XM_023953716.1	9465	XP_023809484.1	809
101154768	Oryzias latipes	mtss1lb	XM_023953706.1	9587	XP_023809474.1	850
101154768	Oryzias latipes	mtss1lb	XM_023953707.1	9587	XP_023809475.1	850
101154768	Oryzias latipes	mtss1lb	XM_023953709.1	9476	XP_023809477.1	813
101154768	Oryzias latipes	mtss1lb	XM_023953710.1	9467	XP_023809478.1	810
101154768	Oryzias latipes	mtss1lb	XM_023953705.1	9589	XP_023809473.1	851
101154768	Oryzias latipes	mtss1lb	XM_023953708.1	9580	XP_023809476.1	848
101154768	Oryzias latipes	mtss1lb	XM_023953713.1	9426	XP_023809481.1	797
101154768	Oryzias latipes	mtss1lb	XM_023953712.1	9428	XP_023809480.1	798
101154768	Oryzias latipes	mtss1lb	XM_023953715.1	9419	XP_023809483.1	795
101154768	Oryzias latipes	mtss1lb	XM_023953711.1	9429	XP_023809479.1	799
101385145	Odobenus rosmarus divergens	MTSS2	XM_004393287.2	2543	XP_004393344.1	743
102046913	Falco cherrug	MTSS2	XM_055726451.1	4354	XP_055582426.1	754
102046913	Falco cherrug	MTSS2	XM_055726450.1	4356	XP_055582425.1	755
102046913	Falco cherrug	MTSS2	XM_055726454.1	4236	XP_055582429.1	715
102046913	Falco cherrug	MTSS2	XM_055726456.1	4233	XP_055582431.1	714
102046913	Falco cherrug	MTSS2	XM_055726453.1	4272	XP_055582428.1	727
102046913	Falco cherrug	MTSS2	XM_055726452.1	4310	XP_055582427.1	740
102046913	Falco cherrug	MTSS2	XM_055726457.1	4226	XP_055582432.1	712
103462242	Poecilia reticulata	mtss1lb	XM_017303983.1	12065	XP_017159472.1	851
103462242	Poecilia reticulata	mtss1lb	XM_017303984.1	11954	XP_017159473.1	814
103462242	Poecilia reticulata	mtss1lb	XR_001776461.1	12029		
103462242	Poecilia reticulata	mtss1lb	XM_017303982.1	12074	XP_017159471.1	854
103462242	Poecilia reticulata	mtss1lb	XM_017303986.1	11907	XP_017159475.1	799
103462242	Poecilia reticulata	mtss1lb	XM_017303985.1	11915	XP_017159474.1	802
105022743	Esox lucius	mtss1lb	XM_020055107.3	2851	XP_019910666.2	769
105022743	Esox lucius	mtss1lb	XM_020055110.3	2842	XP_019910669.2	766
105022743	Esox lucius	mtss1lb	XM_020055101.3	2937	XP_019910660.2	798
105022743	Esox lucius	mtss1lb	XM_020055104.3	2928	XP_019910663.2	795
105022743	Esox lucius	mtss1lb	XM_013138807.4	2689	XP_012994261.2	716
105022743	Esox lucius	mtss1lb	XM_013138801.4	2783	XP_012994255.2	748
106522242	Austrofundulus limnaeus	mtss1lb	XM_014015181.1	2702	XP_013870635.1	773
106555272	Thamnophis sirtalis	MTSS2	XM_014074082.1	5167	XP_013929557.1	648
106555272	Thamnophis sirtalis	MTSS2	XM_014074084.1	5122	XP_013929559.1	633
106555272	Thamnophis sirtalis	MTSS2	XM_014074086.1	5047	XP_013929561.1	608
106555272	Thamnophis sirtalis	MTSS2	XM_014074083.1	5158	XP_013929558.1	645
111541439	Piliocolobus tephrosceles	MTSS2	XM_023210377.1	4740	XP_023066145.1	749
111541439	Piliocolobus tephrosceles	MTSS2	XM_023210379.1	4644	XP_023066147.1	717
111541439	Piliocolobus tephrosceles	MTSS2	XM_023210378.1	4731	XP_023066146.1	746
111541439	Piliocolobus tephrosceles	MTSS2	XM_023210380.1	4635	XP_023066148.1	714
113985387	Pipra filicauda	MTSS2	XM_039380882.1	2410	XP_039236816.1	715
113985387	Pipra filicauda	MTSS2	XM_027716119.2	2413	XP_027571920.1	716
113985387	Pipra filicauda	MTSS2	XM_027716114.2	2491	XP_027571915.1	742
113985387	Pipra filicauda	MTSS2	XM_027716113.2	2494	XP_027571914.1	743
113985387	Pipra filicauda	MTSS2	XM_027716112.2	2494	XP_027571913.1	743
113985387	Pipra filicauda	MTSS2	XM_027716111.2	2497	XP_027571912.1	744
118358488	Oncorhynchus keta	mtss1lb	XM_052480444.1	7583	XP_052336404.1	715
118358488	Oncorhynchus keta	mtss1lb	XM_052480440.1	7733	XP_052336400.1	765
118358488	Oncorhynchus keta	mtss1lb	XM_052480435.1	7820	XP_052336395.1	794
118358488	Oncorhynchus keta	mtss1lb	XM_052480442.1	7669	XP_052336402.1	744
118932989	Manis pentadactyla	MTSS2	XM_036926955.2	4779	XP_036782850.2	746
118932989	Manis pentadactyla	MTSS2	XM_057493200.1	4704	XP_057349183.1	721
118932989	Manis pentadactyla	MTSS2	XM_036926959.2	4683	XP_036782854.2	714
118932989	Manis pentadactyla	MTSS2	XM_057493201.1	4650	XP_057349184.1	693
120224977	Hyaena hyaena	MTSS2	XM_039223225.1	4689	XP_039079156.1	706
120224977	Hyaena hyaena	MTSS2	XM_039223219.1	4784	XP_039079150.1	738
120224977	Hyaena hyaena	MTSS2	XM_039223220.1	4775	XP_039079151.1	735
120224977	Hyaena hyaena	MTSS2	XM_039223229.1	4679	XP_039079160.1	703
121632977	Melanotaenia boesemani	mtss1lb	XM_041974856.1	6979	XP_041830790.1	814
121632977	Melanotaenia boesemani	mtss1lb	XM_041975107.1	6958	XP_041831041.1	807
121632977	Melanotaenia boesemani	mtss1lb	XM_041974927.1	6976	XP_041830861.1	813
121632977	Melanotaenia boesemani	mtss1lb	XM_041974991.1	6970	XP_041830925.1	811
121632977	Melanotaenia boesemani	mtss1lb	XM_041975181.1	6949	XP_041831115.1	804
121632977	Melanotaenia boesemani	mtss1lb	XM_041975026.1	6967	XP_041830960.1	810
122740644	Dromiciops gliroides	MTSS2	XM_043983108.1	6481	XP_043839043.1	724
122740644	Dromiciops gliroides	MTSS2	XM_043983103.1	6467	XP_043839038.1	720
122740644	Dromiciops gliroides	MTSS2	XM_043983102.1	6469	XP_043839037.1	721
122740644	Dromiciops gliroides	MTSS2	XM_043983101.1	6475	XP_043839036.1	723
122740644	Dromiciops gliroides	MTSS2	XM_043983104.1	6403	XP_043839039.1	699
122740644	Dromiciops gliroides	MTSS2	XM_043983106.1	6392	XP_043839041.1	696
122740644	Dromiciops gliroides	MTSS2	XM_043983107.1	6290	XP_043839042.1	693
128909433	Rissa tridactyla	MTSS2	XM_054201104.1	2443	XP_054057079.1	743
130044341	Sorex fumeus	MTSS2	XM_056137047.1	2606	XP_055993022.1	744
130044341	Sorex fumeus	MTSS2	XM_056137048.1	2603	XP_055993023.1	743
130044341	Sorex fumeus	MTSS2	XM_056137051.1	2513	XP_055993026.1	713
130044341	Sorex fumeus	MTSS2	XM_056137049.1	2597	XP_055993024.1	741
130044341	Sorex fumeus	MTSS2	XM_056137050.1	2594	XP_055993025.1	740
130044341	Sorex fumeus	MTSS2	XM_056137052.1	2501	XP_055993027.1	709
130159434	Falco biarmicus	MTSS2	XM_056361073.1	4242	XP_056217048.1	727
130159434	Falco biarmicus	MTSS2	XM_056361075.1	4203	XP_056217050.1	714
130159434	Falco biarmicus	MTSS2	XM_056361069.1	4323	XP_056217044.1	754
130159434	Falco biarmicus	MTSS2	XM_056361074.1	4206	XP_056217049.1	715
130159434	Falco biarmicus	MTSS2	XM_056361068.1	4326	XP_056217043.1	755
130159434	Falco biarmicus	MTSS2	XM_056361072.1	4280	XP_056217047.1	740
130159434	Falco biarmicus	MTSS2	XM_056361076.1	4195	XP_056217051.1	712
131563417	Ammospiza caudacuta	MTSS2	XM_058813459.1	3010	XP_058669442.1	743
132406677	Hypanus sabinus	mtss1lb	XM_059992513.1	11926	XP_059848496.1	857
132406677	Hypanus sabinus	mtss1lb	XM_059992518.1	11595	XP_059848501.1	747
132406677	Hypanus sabinus	mtss1lb	XM_059992516.1	11739	XP_059848499.1	795
132406677	Hypanus sabinus	mtss1lb	XM_059992514.1	11784	XP_059848497.1	810
132406677	Hypanus sabinus	mtss1lb	XM_059992515.1	11742	XP_059848498.1	796
132406677	Hypanus sabinus	mtss1lb	XM_059992512.1	11928	XP_059848495.1	858
132406677	Hypanus sabinus	mtss1lb	XM_059992520.1	11552	XP_059848503.1	733
132406677	Hypanus sabinus	mtss1lb	XM_059992517.1	11597	XP_059848500.1	748
138373962	Eulemur rufifrons	MTSS2	XM_069456651.1	4575	XP_069312752.1	752
138373962	Eulemur rufifrons	MTSS2	XM_069456650.1	4566	XP_069312751.1	749
138373962	Eulemur rufifrons	MTSS2	XM_069456652.1	4470	XP_069312753.1	717
138373962	Eulemur rufifrons	MTSS2	XM_069456648.1	5041	XP_069312749.1	864
138373962	Eulemur rufifrons	MTSS2	XM_069456649.1	4945	XP_069312750.1	832
138594862	Semicossyphus pulcher	mtss1lb	XM_069666161.1	11601	XP_069522262.1	808
139329530	Chaetodon trifascialis	mtss1lb	XM_070959911.1	3894	XP_070816012.1	810
139329530	Chaetodon trifascialis	mtss1lb	XM_070959920.1	3759	XP_070816021.1	765
100456788	Pongo abelii	MTSS2	XM_054534092.2	5052	XP_054390067.1	819
100456788	Pongo abelii	MTSS2	XM_054534093.2	4977	XP_054390068.1	794
100456788	Pongo abelii	MTSS2	XM_054534094.2	4955	XP_054390069.1	787
100456788	Pongo abelii	MTSS2	XM_063717764.1	4880	XP_063573834.1	762
100456788	Pongo abelii	MTSS2	XM_024233220.3	4976	XP_024088988.1	794
100456788	Pongo abelii	MTSS2	XM_063717763.1	4879	XP_063573833.1	762
100456788	Pongo abelii	MTSS2	XM_024233224.3	4824	XP_024088992.1	744
100456788	Pongo abelii	MTSS2	XM_063717765.1	4749	XP_063573835.1	719
100456788	Pongo abelii	MTSS2	XM_024233225.3	4727	XP_024088993.1	712
100456788	Pongo abelii	MTSS2	XM_063717766.1	4652	XP_063573836.1	687
100945052	Otolemur garnettii	MTSS2	XM_012806156.2	4536	XP_012661610.1	719
100945052	Otolemur garnettii	MTSS2	XM_012806153.2	4151	XP_012661607.1	763
100945052	Otolemur garnettii	MTSS2	XM_012806152.2	4160	XP_012661606.1	766
100945052	Otolemur garnettii	MTSS2	XM_003791374.3	4641	XP_003791422.1	754
100945052	Otolemur garnettii	MTSS2	XM_023514097.1	4152	XP_023369865.1	764
100945052	Otolemur garnettii	MTSS2	XM_012806155.2	4065	XP_012661609.1	735
100945052	Otolemur garnettii	MTSS2	XM_012806151.2	4161	XP_012661605.1	767
100945052	Otolemur garnettii	MTSS2	XM_012806154.2	4642	XP_012661608.1	755
100945052	Otolemur garnettii	MTSS2	XM_023514098.1	4185	XP_023369866.1	704
100945052	Otolemur garnettii	MTSS2	XM_023514099.1	4109	XP_023369867.1	704
101870178	Melopsittacus undulatus	MTSS2	XM_034073171.1	2470	XP_033929062.1	743
101870178	Melopsittacus undulatus	MTSS2	XM_034073173.1	2395	XP_033929064.1	718
101870178	Melopsittacus undulatus	MTSS2	XM_034073172.1	2467	XP_033929063.1	742
101870178	Melopsittacus undulatus	MTSS2	XM_034073174.1	2392	XP_033929065.1	717
101870178	Melopsittacus undulatus	MTSS2	XM_034073175.1	2386	XP_033929066.1	715
102563652	Alligator mississippiensis	MTSS2	XM_019497287.2	7076	XP_019352832.1	755
102563652	Alligator mississippiensis	MTSS2	XM_019497288.2	7030	XP_019352833.1	740
102563652	Alligator mississippiensis	MTSS2	XM_019497290.2	6954	XP_019352835.1	715
102563652	Alligator mississippiensis	MTSS2	XM_059713718.1	6989	XP_059569701.1	727
102563652	Alligator mississippiensis	MTSS2	XM_014597054.3	6943	XP_014452540.1	712
108397078	Manis javanica	MTSS2	XM_017660289.2	2840	XP_017515778.2	687
108397078	Manis javanica	MTSS2	XM_037025431.1	2614	XP_036881326.1	662
108397078	Manis javanica	MTSS2	XM_017660290.2	2679	XP_017515779.2	684
108397078	Manis javanica	MTSS2	XM_017660288.2	2688	XP_017515777.2	687
108397078	Manis javanica	MTSS2	XM_017660292.2	2582	XP_017515781.2	652
108397078	Manis javanica	MTSS2	XM_017660291.2	2591	XP_017515780.2	655
109571599	Bos indicus	MTSS2	XM_070770286.1	4729	XP_070626387.1	737
109571599	Bos indicus	MTSS2	XM_070770287.1	4633	XP_070626388.1	705
115503459	Lynx canadensis	MTSS2	XM_030299673.1	4520	XP_030155533.1	703
115503459	Lynx canadensis	MTSS2	XM_030299671.1	4616	XP_030155531.1	735
115503459	Lynx canadensis	MTSS2	XM_030299672.1	4529	XP_030155532.1	706
115503459	Lynx canadensis	MTSS2	XM_030299670.1	4625	XP_030155530.1	738
118639094	Molossus molossus	MTSS2	XM_036275302.1	3382	XP_036131195.1	742
118639094	Molossus molossus	MTSS2	XM_036275306.1	3049	XP_036131199.1	707
118639094	Molossus molossus	MTSS2	XM_036275309.1	3070	XP_036131202.1	714
118639094	Molossus molossus	MTSS2	XM_036275301.1	3172	XP_036131194.1	748
118639094	Molossus molossus	MTSS2	XM_036275304.1	3085	XP_036131197.1	719
118639094	Molossus molossus	MTSS2	XM_036275305.1	3079	XP_036131198.1	717
118639094	Molossus molossus	MTSS2	XM_036275303.1	3106	XP_036131196.1	726
118639094	Molossus molossus	MTSS2	XM_036275300.1	3181	XP_036131193.1	751
118639094	Molossus molossus	MTSS2	XM_036275308.1	3035	XP_036131201.1	671
119934143	Tachyglossus aculeatus	MTSS2	XM_038753549.1	5999	XP_038609477.1	717
119934143	Tachyglossus aculeatus	MTSS2	XM_038753547.1	6080	XP_038609475.1	744
119934143	Tachyglossus aculeatus	MTSS2	XM_038753546.1	6083	XP_038609474.1	745
119934143	Tachyglossus aculeatus	MTSS2	XM_038753548.1	6008	XP_038609476.1	720
119934143	Tachyglossus aculeatus	MTSS2	XM_038753545.1	6089	XP_038609473.1	747
119934143	Tachyglossus aculeatus	MTSS2	XM_038753544.1	6092	XP_038609472.1	748
121009775	Puma yagouaroundi	MTSS2	XM_040443079.1	4362	XP_040299013.1	738
121009775	Puma yagouaroundi	MTSS2	XM_040443081.1	4287	XP_040299015.1	713
121009775	Puma yagouaroundi	MTSS2	XM_040443082.1	4266	XP_040299016.1	706
121009775	Puma yagouaroundi	MTSS2	XM_040443080.1	4353	XP_040299014.1	735
121009775	Puma yagouaroundi	MTSS2	XM_040443084.1	4278	XP_040299018.1	710
121009775	Puma yagouaroundi	MTSS2	XM_040443083.1	4257	XP_040299017.1	703
121500614	Vulpes lagopus	MTSS2	XM_041772483.1	4647	XP_041628417.1	711
121500614	Vulpes lagopus	MTSS2	XM_041772481.1	4722	XP_041628415.1	736
121500614	Vulpes lagopus	MTSS2	XM_041772482.1	4656	XP_041628416.1	714
121500614	Vulpes lagopus	MTSS2	XM_041772485.1	4625	XP_041628419.1	704
121500614	Vulpes lagopus	MTSS2	XM_041772484.1	4634	XP_041628418.1	707
121500614	Vulpes lagopus	MTSS2	XM_041772480.1	4730	XP_041628414.1	739
123025376	Varanus komodoensis	MTSS2	XM_044434010.1	3038	XP_044289945.1	738
123025376	Varanus komodoensis	MTSS2	XM_044434012.1	2972	XP_044289947.1	716
123025376	Varanus komodoensis	MTSS2	XM_044434014.1	2963	XP_044289949.1	713
123025376	Varanus komodoensis	MTSS2	XM_044434015.1	2930	XP_044289950.1	702
123025376	Varanus komodoensis	MTSS2	XM_044434011.1	3029	XP_044289946.1	735
123025376	Varanus komodoensis	MTSS2	XM_044434013.1	2963	XP_044289948.1	713
123025376	Varanus komodoensis	MTSS2	XM_044434016.1	2932	XP_044289951.1	676
123958653	Micropterus dolomieu	mtss1lb	XM_046032154.1	11534	XP_045888110.1	867
123958653	Micropterus dolomieu	mtss1lb	XM_046032163.1	9948	XP_045888119.1	703
123958653	Micropterus dolomieu	mtss1lb	XM_046032162.1	4893	XP_045888118.1	708
123958653	Micropterus dolomieu	mtss1lb	XM_046032158.1	11378	XP_045888114.1	815
123958653	Micropterus dolomieu	mtss1lb	XM_046032156.1	11399	XP_045888112.1	822
123958653	Micropterus dolomieu	mtss1lb	XM_046032155.1	11525	XP_045888111.1	864
123958653	Micropterus dolomieu	mtss1lb	XM_046032160.1	10897	XP_045888116.1	781
123958653	Micropterus dolomieu	mtss1lb	XM_046032159.1	11091	XP_045888115.1	781
123958653	Micropterus dolomieu	mtss1lb	XM_046032161.1	10897	XP_045888117.1	781
123958653	Micropterus dolomieu	mtss1lb	XM_046032157.1	10989	XP_045888113.1	819
124086331	Marmota monax	Mtss2	XM_046434429.2	4746	XP_046290385.1	749
124086331	Marmota monax	Mtss2	XM_046434432.2	4650	XP_046290388.1	717
127352317	Dicentrarchus labrax	mtss1lb	XM_051380622.1	8078	XP_051236582.1	817
127352317	Dicentrarchus labrax	mtss1lb	XM_051380621.1	8212	XP_051236581.1	862
127352317	Dicentrarchus labrax	mtss1lb	XM_051380623.1	8054	XP_051236583.1	810
127577506	Pristis pectinata	mtss1lb	XM_052028739.1	11766	XP_051884699.1	751
127577506	Pristis pectinata	mtss1lb	XM_052028743.1	11721	XP_051884703.1	736
127577506	Pristis pectinata	mtss1lb	XM_052028745.1	11646	XP_051884705.1	711
127577506	Pristis pectinata	mtss1lb	XM_052028740.1	11763	XP_051884700.1	750
127577506	Pristis pectinata	mtss1lb	XM_052028742.1	11754	XP_051884702.1	747
127577506	Pristis pectinata	mtss1lb	XM_052028747.1	11634	XP_051884707.1	707
127577506	Pristis pectinata	mtss1lb	XM_052028741.1	11756	XP_051884701.1	748
127577506	Pristis pectinata	mtss1lb	XM_052028744.1	11711	XP_051884704.1	733
127577506	Pristis pectinata	mtss1lb	XM_052028746.1	11636	XP_051884706.1	708
127577506	Pristis pectinata	mtss1lb	XM_052028748.1	11316	XP_051884708.1	651
128103672	Peromyscus californicus insignis	Mtss2	XM_052728238.1	4467	XP_052584198.1	716
128103672	Peromyscus californicus insignis	Mtss2	XM_052728236.1	4563	XP_052584196.1	748
128103672	Peromyscus californicus insignis	Mtss2	XM_052728239.1	4356	XP_052584199.1	668
128103672	Peromyscus californicus insignis	Mtss2	XM_052728237.1	4408	XP_052584197.1	719
129686839	Psammomys obesus	Mtss2	XM_055620966.1	4631	XP_055476941.1	747
129686839	Psammomys obesus	Mtss2	XM_055620967.1	4535	XP_055476942.1	715
132332698	Haemorhous mexicanus	MTSS2	XM_059857223.1	3716	XP_059713206.1	712
132332698	Haemorhous mexicanus	MTSS2	XM_059857222.1	3722	XP_059713205.1	714
132332698	Haemorhous mexicanus	MTSS2	XM_059857220.1	3797	XP_059713203.1	739
132332698	Haemorhous mexicanus	MTSS2	XM_059857221.1	3725	XP_059713204.1	715
132332698	Haemorhous mexicanus	MTSS2	XM_059857219.1	3800	XP_059713202.1	740
134439265	Engraulis encrasicolus	mtss1lb	XM_063189164.1	3537	XP_063045234.1	841
135888616	Emys orbicularis	MTSS2	XM_065416343.1	2232	XP_065272415.1	743
136955685	Osmerus mordax	mtss1lb	XM_067249418.1	2043	XP_067105519.1	680
138117037	Aphelocoma coerulescens	MTSS2	XM_069026968.1	2989	XP_068883069.1	740
138117037	Aphelocoma coerulescens	MTSS2	XM_069026970.1	2914	XP_068883071.1	715
138117037	Aphelocoma coerulescens	MTSS2	XM_069026969.1	2986	XP_068883070.1	739
138117037	Aphelocoma coerulescens	MTSS2	XM_069026972.1	2911	XP_068883073.1	714
138117037	Aphelocoma coerulescens	MTSS2	XM_069026973.1	2905	XP_068883074.1	712
138117037	Aphelocoma coerulescens	MTSS2	XM_069026974.1	2881	XP_068883075.1	704
138649284	Ranitomeya imitator	MTSS2	XR_011315284.1	7438		
138649284	Ranitomeya imitator	MTSS2	XM_069739537.1	7401	XP_069595638.1	712
138649284	Ranitomeya imitator	MTSS2	XM_069739536.1	7473	XP_069595637.1	736
454219	Pan troglodytes	MTSS2	XM_054669544.2	4874	XP_054525519.1	719
454219	Pan troglodytes	MTSS2	XM_016930113.4	4947	XP_016785602.2	744
454219	Pan troglodytes	MTSS2	XM_024349916.3	4851	XP_024205684.1	712
454219	Pan troglodytes	MTSS2	XM_054669546.2	4914	XP_054525521.1	769
100224705	Taeniopygia guttata	MTSS2	XM_012570005.4	3711	XP_012425459.4	715
100224705	Taeniopygia guttata	MTSS2	XM_030282518.3	3792	XP_030138378.3	742
100224705	Taeniopygia guttata	MTSS2	XM_041718577.1	3744	XP_041574511.1	726
100224705	Taeniopygia guttata	MTSS2	XM_030282517.3	3795	XP_030138377.3	743
102870702	Elephantulus edwardii	MTSS2	XM_006878866.1	2214	XP_006878928.1	737
103908467	Aptenodytes forsteri	MTSS2	XM_019474988.1	2493	XP_019330533.1	830
104924016	Larimichthys crocea	mtss1lb	XM_027281355.1	10891	XP_027137156.1	862
104924016	Larimichthys crocea	mtss1lb	XM_027281354.1	10900	XP_027137155.1	865
104924016	Larimichthys crocea	mtss1lb	XM_010737237.3	10732	XP_010735539.2	810
104924016	Larimichthys crocea	mtss1lb	XM_019261546.2	10741	XP_019117091.1	813
108237900	Kryptolebias marmoratus	mtss1lb	XM_017419621.3	3105	XP_017275110.1	817
108237900	Kryptolebias marmoratus	mtss1lb	XM_017419622.3	3096	XP_017275111.1	814
108237900	Kryptolebias marmoratus	mtss1lb	XM_017419617.3	12554	XP_017275106.1	860
108237900	Kryptolebias marmoratus	mtss1lb	XM_017419618.3	3224	XP_017275107.1	857
108237900	Kryptolebias marmoratus	mtss1lb	XM_017419624.3	2939	XP_017275113.1	762
108237900	Kryptolebias marmoratus	mtss1lb	XM_017419623.3	3076	XP_017275112.1	808
109524510	Hippocampus comes	mtss1lb	XM_019884443.1	6790	XP_019740002.1	760
110404513	Numida meleagris	MTSS2	XM_021408881.1	2728	XP_021264556.1	760
120980747	Bufo bufo	MTSS2	XM_040410020.1	2729	XP_040265954.1	738
120980747	Bufo bufo	MTSS2	XM_040410021.1	2720	XP_040265955.1	735
121664216	Corvus kubaryi	MTSS2	XM_042027346.1	3787	XP_041883280.1	743
121664216	Corvus kubaryi	MTSS2	XM_042027350.1	3712	XP_041883284.1	718
121664216	Corvus kubaryi	MTSS2	XM_042027347.1	3784	XP_041883281.1	742
121664216	Corvus kubaryi	MTSS2	XM_042027352.1	3703	XP_041883286.1	715
121664216	Corvus kubaryi	MTSS2	XM_042027348.1	3778	XP_041883282.1	740
121664216	Corvus kubaryi	MTSS2	XM_042027351.1	3703	XP_041883285.1	715
121664216	Corvus kubaryi	MTSS2	XM_042027349.1	3775	XP_041883283.1	739
121664216	Corvus kubaryi	MTSS2	XM_042027353.1	3700	XP_041883287.1	714
121664216	Corvus kubaryi	MTSS2	XM_042027354.1	3694	XP_041883288.1	712
122169060	Centrocercus urophasianus	MTSS2	XM_042834854.1	2477	XP_042690788.1	736
122169060	Centrocercus urophasianus	MTSS2	XM_042834850.1	2486	XP_042690784.1	739
122169060	Centrocercus urophasianus	MTSS2	XM_042834857.1	2399	XP_042690791.1	710
122169060	Centrocercus urophasianus	MTSS2	XM_042834853.1	2480	XP_042690787.1	737
122169060	Centrocercus urophasianus	MTSS2	XM_042834851.1	2483	XP_042690785.1	738
122169060	Centrocercus urophasianus	MTSS2	XM_042834856.1	2408	XP_042690790.1	713
122169060	Centrocercus urophasianus	MTSS2	XM_042834849.1	2489	XP_042690783.1	740
122169060	Centrocercus urophasianus	MTSS2	XM_042834855.1	2453	XP_042690789.1	728
122169060	Centrocercus urophasianus	MTSS2	XM_042834848.1	2492	XP_042690782.1	741
122169060	Centrocercus urophasianus	MTSS2	XM_042834858.1	1716	XP_042690792.1	533
122494444	Prionailurus bengalensis	MTSS2	XM_043599636.1	4676	XP_043455571.1	710
122494444	Prionailurus bengalensis	MTSS2	XM_043599638.1	4654	XP_043455573.1	703
122494444	Prionailurus bengalensis	MTSS2	XM_043599634.1	4712	XP_043455569.1	735
122494444	Prionailurus bengalensis	MTSS2	XM_043599635.1	4609	XP_043455570.1	713
122494444	Prionailurus bengalensis	MTSS2	XM_043599637.1	4588	XP_043455572.1	706
122494444	Prionailurus bengalensis	MTSS2	XM_043599633.1	4683	XP_043455568.1	738
124063498	Scatophagus argus	mtss1lb	XM_046397436.1	3788	XP_046253392.1	813
124063498	Scatophagus argus	mtss1lb	XM_046397264.1	3923	XP_046253220.1	858
124063498	Scatophagus argus	mtss1lb	XM_046397351.1	3913	XP_046253307.1	855
124063498	Scatophagus argus	mtss1lb	XM_046397523.1	3765	XP_046253479.1	806
124063498	Scatophagus argus	mtss1lb	XM_046397609.1	3755	XP_046253565.1	803
125332044	Corvus hawaiiensis	MTSS2	XM_048316583.1	2395	XP_048172540.1	714
125332044	Corvus hawaiiensis	MTSS2	XM_048316581.1	2396	XP_048172538.1	715
125332044	Corvus hawaiiensis	MTSS2	XM_048316580.1	2403	XP_048172537.1	718
125332044	Corvus hawaiiensis	MTSS2	XM_048316578.1	2469	XP_048172535.1	740
125332044	Corvus hawaiiensis	MTSS2	XM_048316579.1	2466	XP_048172536.1	739
125332044	Corvus hawaiiensis	MTSS2	XM_048316584.1	2384	XP_048172541.1	712
125332044	Corvus hawaiiensis	MTSS2	XM_048316577.1	2473	XP_048172534.1	742
125332044	Corvus hawaiiensis	MTSS2	XM_048316576.1	2475	XP_048172533.1	743
125332044	Corvus hawaiiensis	MTSS2	XM_048316582.1	2391	XP_048172539.1	715
126064498	Elephas maximus indicus	MTSS2	XM_049863593.1	4737	XP_049719550.1	744
126064498	Elephas maximus indicus	MTSS2	XM_049863594.1	4662	XP_049719551.1	719
126064498	Elephas maximus indicus	MTSS2	XM_049863595.1	4641	XP_049719552.1	712
126064498	Elephas maximus indicus	MTSS2	XM_049863596.1	5634	XP_049719553.1	664
126064498	Elephas maximus indicus	MTSS2	XM_049863598.1	5424	XP_049719555.1	664
126064498	Elephas maximus indicus	MTSS2	XM_049863597.1	7938	XP_049719554.1	664
126502558	Alexandromys fortis	Mtss2	XM_050143655.1	4534	XP_049999612.1	722
126502558	Alexandromys fortis	Mtss2	XM_050143657.1	4437	XP_049999614.1	690
126502558	Alexandromys fortis	Mtss2	XM_050143654.1	4608	XP_049999611.1	747
126502558	Alexandromys fortis	Mtss2	XM_050143656.1	4511	XP_049999613.1	715
126637971	Myiozetetes cayanensis	MTSS2	XM_050311544.1	3730	XP_050167501.1	744
126637971	Myiozetetes cayanensis	MTSS2	XM_050311545.1	3727	XP_050167502.1	743
126637971	Myiozetetes cayanensis	MTSS2	XM_050311546.1	3727	XP_050167503.1	743
126637971	Myiozetetes cayanensis	MTSS2	XM_050311547.1	3724	XP_050167504.1	742
126637971	Myiozetetes cayanensis	MTSS2	XM_050311553.1	3646	XP_050167510.1	716
126637971	Myiozetetes cayanensis	MTSS2	XM_050311554.1	3643	XP_050167511.1	715
126637971	Myiozetetes cayanensis	MTSS2	XM_050311548.1	3721	XP_050167505.1	741
126637971	Myiozetetes cayanensis	MTSS2	XM_050311550.1	3718	XP_050167507.1	740
126637971	Myiozetetes cayanensis	MTSS2	XM_050311551.1	3718	XP_050167508.1	740
126637971	Myiozetetes cayanensis	MTSS2	XM_050311552.1	3715	XP_050167509.1	739
126637971	Myiozetetes cayanensis	MTSS2	XM_050311555.1	3634	XP_050167512.1	712
127547657	Antechinus flavipes	MTSS2	XM_051974611.1	6209	XP_051830571.1	741
127547657	Antechinus flavipes	MTSS2	XM_051974612.1	6134	XP_051830572.1	716
127547657	Antechinus flavipes	MTSS2	XM_051974613.1	6123	XP_051830573.1	713
128752663	Synchiropus splendidus	mtss1lb	XM_053854112.1	12827	XP_053710087.1	736
128752663	Synchiropus splendidus	mtss1lb	XM_053854108.1	13009	XP_053710083.1	797
128752663	Synchiropus splendidus	mtss1lb	XM_053854111.1	12871	XP_053710086.1	751
128752663	Synchiropus splendidus	mtss1lb	XM_053854109.1	13000	XP_053710084.1	794
128973367	Indicator indicator	MTSS2	XM_054389664.1	2256	XP_054245639.1	751
130863867	Chionomys nivalis	Mtss2	XM_057754187.1	4855	XP_057610170.1	747
130863867	Chionomys nivalis	Mtss2	XM_057754188.1	4759	XP_057610171.1	715
131818633	Mustela lutreola	MTSS2	XM_059153264.1	4579	XP_059009247.1	702
131818633	Mustela lutreola	MTSS2	XM_059153263.1	4591	XP_059009246.1	706
131818633	Mustela lutreola	MTSS2	XM_059153262.1	4612	XP_059009245.1	713
131818633	Mustela lutreola	MTSS2	XM_059153261.1	4687	XP_059009244.1	738
131818633	Mustela lutreola	MTSS2	XM_059153265.1	4193	XP_059009248.1	593
132582418	Heteronotia binoei	MTSS2	XM_060253980.1	2336	XP_060109963.1	733
132582418	Heteronotia binoei	MTSS2	XM_060253981.1	2270	XP_060109964.1	711
132582418	Heteronotia binoei	MTSS2	XM_060253982.1	2261	XP_060109965.1	708
132582418	Heteronotia binoei	MTSS2	XM_060253983.1	2195	XP_060109966.1	686
134048266	Cinclus cinclus	MTSS2	XM_062499947.1	2845	XP_062355931.1	746
136582702	Eleutherodactylus coqui	MTSS2	XM_066583907.1	7075	XP_066440004.1	711
136582702	Eleutherodactylus coqui	MTSS2	XM_066583905.1	7147	XP_066440002.1	735
136582702	Eleutherodactylus coqui	MTSS2	XM_066583906.1	6934	XP_066440003.1	713
136582702	Eleutherodactylus coqui	MTSS2	XM_066583904.1	7006	XP_066440001.1	737
137163294	Emydura macquarii macquarii	MTSS2	XM_067563480.1	7987	XP_067419581.1	749
137163294	Emydura macquarii macquarii	MTSS2	XM_067563482.1	7885	XP_067419583.1	715
137163294	Emydura macquarii macquarii	MTSS2	XM_067563481.1	7951	XP_067419582.1	737
137163294	Emydura macquarii macquarii	MTSS2	XM_067563478.1	7999	XP_067419579.1	753
137163294	Emydura macquarii macquarii	MTSS2	XM_067563477.1	8026	XP_067419578.1	762
137163294	Emydura macquarii macquarii	MTSS2	XM_067563476.1	8071	XP_067419577.1	777
100913736	Sarcophilus harrisii	MTSS2	XM_031949966.1	6882	XP_031805826.1	716
100913736	Sarcophilus harrisii	MTSS2	XM_031949964.1	6890	XP_031805824.1	719
100913736	Sarcophilus harrisii	MTSS2	XM_031949963.1	6956	XP_031805823.1	741
100913736	Sarcophilus harrisii	MTSS2	XM_031949962.1	6964	XP_031805822.1	744
100913736	Sarcophilus harrisii	MTSS2	XM_031949967.1	6869	XP_031805827.1	713
100913736	Sarcophilus harrisii	MTSS2	XM_031949965.1	6876	XP_031805825.1	716
102065353	Zonotrichia albicollis	MTSS2	XM_014269698.2	2461	XP_014125173.1	744
102065353	Zonotrichia albicollis	MTSS2	XM_014269695.2	2463	XP_014125170.1	745
102065353	Zonotrichia albicollis	MTSS2	XM_014269697.2	2460	XP_014125172.1	744
102065353	Zonotrichia albicollis	MTSS2	XM_014269696.2	2460	XP_014125171.1	744
102065353	Zonotrichia albicollis	MTSS2	XM_014269699.2	2457	XP_014125174.1	743
102065353	Zonotrichia albicollis	MTSS2	XM_026795712.1	2457	XP_026651513.1	743
102065353	Zonotrichia albicollis	MTSS2	XM_026795710.1	2457	XP_026651511.1	743
102065353	Zonotrichia albicollis	MTSS2	XM_014269700.2	2379	XP_014125175.1	717
102065353	Zonotrichia albicollis	MTSS2	XM_026795711.1	2373	XP_026651512.1	715
105097716	Camelus dromedarius	MTSS2	XM_064488984.1	4765	XP_064345054.1	719
105097716	Camelus dromedarius	MTSS2	XM_064488985.1	4743	XP_064345055.1	712
105097716	Camelus dromedarius	MTSS2	XM_031458114.2	4839	XP_031313974.2	744
112857240	Puma concolor	MTSS2	XM_025920541.1	2247	XP_025776326.1	748
114765633	Denticeps clupeoides	mtss1lb	XM_028955874.1	7099	XP_028811707.1	763
114765633	Denticeps clupeoides	mtss1lb	XM_028955872.1	7186	XP_028811705.1	792
114765633	Denticeps clupeoides	mtss1lb	XM_028955873.1	7108	XP_028811706.1	766
114765633	Denticeps clupeoides	mtss1lb	XM_028955875.1	7045	XP_028811708.1	745
114765633	Denticeps clupeoides	mtss1lb	XM_028955871.1	7195	XP_028811704.1	795
117751108	Cyclopterus lumpus	mtss1lb	XM_034562679.1	3859	XP_034418570.1	811
117751108	Cyclopterus lumpus	mtss1lb	XM_034562669.1	3868	XP_034418560.1	814
117753081	Hippoglossus hippoglossus	mtss1lb	XM_034570963.1	3771	XP_034426854.1	809
117753081	Hippoglossus hippoglossus	mtss1lb	XM_034570955.1	3779	XP_034426846.1	812
117753081	Hippoglossus hippoglossus	mtss1lb	XM_034570970.1	3638	XP_034426861.1	765
118674182	Myotis myotis	MTSS2	XM_036345591.1	4428	XP_036201484.1	707
118674182	Myotis myotis	MTSS2	XM_036345592.1	4449	XP_036201485.1	714
118674182	Myotis myotis	MTSS2	XM_036345589.1	4524	XP_036201482.1	739
118674182	Myotis myotis	MTSS2	XM_036345587.1	4533	XP_036201480.1	742
118674182	Myotis myotis	MTSS2	XM_036345588.1	4683	XP_036201481.1	742
118674182	Myotis myotis	MTSS2	XM_036345586.1	4748	XP_036201479.1	764
118674182	Myotis myotis	MTSS2	XM_036345585.1	4757	XP_036201478.1	767
118674182	Myotis myotis	MTSS2	XM_036345590.1	4659	XP_036201483.1	735
118720768	Pipistrellus kuhlii	MTSS2	XM_045582693.1	2147	XP_045438649.1	680
118720768	Pipistrellus kuhlii	MTSS2	XM_036441069.2	2330	XP_036296962.1	704
118720768	Pipistrellus kuhlii	MTSS2	XM_036441063.2	2441	XP_036296956.1	741
118885627	Balaenoptera musculus	MTSS2	XM_036834440.1	5102	XP_036690335.1	747
118885627	Balaenoptera musculus	MTSS2	XM_036834439.1	5110	XP_036690334.1	750
118885627	Balaenoptera musculus	MTSS2	XM_036834441.1	5014	XP_036690336.1	718
118885627	Balaenoptera musculus	MTSS2	XM_036834443.1	5005	XP_036690338.1	715
119018402	Acanthopagrus latus	mtss1lb	XM_037096045.1	10948	XP_036951940.1	811
119018402	Acanthopagrus latus	mtss1lb	XM_037096047.1	10906	XP_036951942.1	797
119018402	Acanthopagrus latus	mtss1lb	XM_037096048.1	10810	XP_036951943.1	765
119018402	Acanthopagrus latus	mtss1lb	XM_037096046.1	10939	XP_036951941.1	808
119120243	Syngnathus acus	mtss1lb	XM_037246971.1	3698	XP_037102866.1	802
119120243	Syngnathus acus	mtss1lb	XM_037246969.1	3827	XP_037102864.1	845
119120243	Syngnathus acus	mtss1lb	XM_037246968.1	3836	XP_037102863.1	848
119120243	Syngnathus acus	mtss1lb	XM_037246970.1	3706	XP_037102865.1	805
119120243	Syngnathus acus	mtss1lb	XM_037246972.1	3671	XP_037102867.1	794
119120243	Syngnathus acus	mtss1lb	XM_037246973.1	3293	XP_037102868.1	762
120508083	Passer montanus	MTSS2	XM_039721396.1	2601	XP_039577330.1	744
120508083	Passer montanus	MTSS2	XM_039721397.1	2598	XP_039577331.1	743
120508083	Passer montanus	MTSS2	XM_039721401.1	2526	XP_039577335.1	719
120508083	Passer montanus	MTSS2	XM_039721402.1	2523	XP_039577336.1	718
120508083	Passer montanus	MTSS2	XM_039721398.1	2598	XP_039577332.1	743
120508083	Passer montanus	MTSS2	XM_039721403.1	2517	XP_039577337.1	716
120508083	Passer montanus	MTSS2	XM_039721404.1	2514	XP_039577338.1	715
120508083	Passer montanus	MTSS2	XM_039721399.1	2592	XP_039577333.1	741
120508083	Passer montanus	MTSS2	XM_039721405.1	2514	XP_039577339.1	715
120508083	Passer montanus	MTSS2	XM_039721400.1	2589	XP_039577334.1	740
120508083	Passer montanus	MTSS2	XM_039721406.1	2511	XP_039577340.1	714
120508083	Passer montanus	MTSS2	XM_039721407.1	2505	XP_039577341.1	712
120831033	Gasterosteus aculeatus	mtss1lb	XM_040196141.1	8618	XP_040052075.1	804
121512071	Cheilinus undulatus	mtss1lb	XM_041791072.1	8366	XP_041647006.1	867
121512071	Cheilinus undulatus	mtss1lb	XM_041791099.1	8210	XP_041647033.1	815
121512071	Cheilinus undulatus	mtss1lb	XM_041791080.1	8231	XP_041647014.1	822
121512071	Cheilinus undulatus	mtss1lb	XM_041791090.1	8228	XP_041647024.1	821
121512071	Cheilinus undulatus	mtss1lb	XM_041791107.1	8072	XP_041647041.1	769
122691476	Cervus elaphus	MTSS2	XM_043898013.1	4843	XP_043753948.1	740
122691476	Cervus elaphus	MTSS2	XM_043898015.1	4706	XP_043753950.1	715
122691476	Cervus elaphus	MTSS2	XM_043898019.1	4697	XP_043753954.1	712
122691476	Cervus elaphus	MTSS2	XM_043898018.1	4609	XP_043753953.1	683
122691476	Cervus elaphus	MTSS2	XM_043898014.1	4771	XP_043753949.1	737
122691476	Cervus elaphus	MTSS2	XM_043898016.1	4683	XP_043753951.1	708
122691476	Cervus elaphus	MTSS2	XM_043898017.1	4674	XP_043753952.1	705
122870295	Siniperca chuatsi	mtss1lb	XM_044184500.1	12210	XP_044040435.1	860
122870295	Siniperca chuatsi	mtss1lb	XM_044184470.1	12218	XP_044040405.1	863
122870295	Siniperca chuatsi	mtss1lb	XM_044184576.1	12083	XP_044040511.1	818
122870295	Siniperca chuatsi	mtss1lb	XM_044184725.1	11916	XP_044040660.1	763
122870295	Siniperca chuatsi	mtss1lb	XM_044184654.1	12058	XP_044040589.1	811
124866789	Girardinichthys multiradiatus	mtss1lb	XM_047362737.1	11076	XP_047218693.1	808
125460031	Stegostoma tigrinum	mtss1lb	XM_059651580.1	4188	XP_059507563.1	741
125460031	Stegostoma tigrinum	mtss1lb	XM_048547090.2	4062	XP_048403047.2	699
125460031	Stegostoma tigrinum	mtss1lb	XM_048547089.2	4116	XP_048403046.2	717
125460031	Stegostoma tigrinum	mtss1lb	XM_048547080.2	4269	XP_048403037.2	768
125460031	Stegostoma tigrinum	mtss1lb	XM_048547085.2	4197	XP_048403042.2	744
125460031	Stegostoma tigrinum	mtss1lb	XM_048547091.2	4263	XP_048403048.2	766
125460031	Stegostoma tigrinum	mtss1lb	XM_048547079.2	4272	XP_048403036.2	769
125460031	Stegostoma tigrinum	mtss1lb	XM_059651582.1	4146	XP_059507565.1	727
125460031	Stegostoma tigrinum	mtss1lb	XM_059651581.1	4155	XP_059507564.1	730
125460031	Stegostoma tigrinum	mtss1lb	XM_048547084.2	4200	XP_048403041.2	745
127033999	Gopherus flavomarginatus	MTSS2	XM_050922370.1	4879	XP_050778327.1	755
127033999	Gopherus flavomarginatus	MTSS2	XM_050922371.1	4872	XP_050778328.1	753
127033999	Gopherus flavomarginatus	MTSS2	XM_050922369.1	4898	XP_050778326.1	762
127033999	Gopherus flavomarginatus	MTSS2	XM_050922372.1	4831	XP_050778329.1	740
127033999	Gopherus flavomarginatus	MTSS2	XM_050922373.1	4820	XP_050778330.1	737
127033999	Gopherus flavomarginatus	MTSS2	XM_050922375.1	4807	XP_050778332.1	734
127033999	Gopherus flavomarginatus	MTSS2	XM_050922376.1	4739	XP_050778333.1	712
128518604	Clarias gariepinus	mtss1lb	XR_008357759.1	7312		
128518604	Clarias gariepinus	mtss1lb	XR_008357760.1	6343		
128518604	Clarias gariepinus	mtss1lb	XM_053491773.1	8844	XP_053347748.1	713
128518604	Clarias gariepinus	mtss1lb	XM_053491772.1	8931	XP_053347747.1	742
129492937	Symphalangus syndactylus	MTSS2	XM_055298457.2	4932	XP_055154432.1	748
129492937	Symphalangus syndactylus	MTSS2	XM_055298460.2	4776	XP_055154435.1	713
129492937	Symphalangus syndactylus	MTSS2	XM_063612659.1	4872	XP_063468729.1	745
129492937	Symphalangus syndactylus	MTSS2	XM_055298458.2	4743	XP_055154433.1	738
129492937	Symphalangus syndactylus	MTSS2	XM_055298456.2	4839	XP_055154431.1	770
130276275	Hyla sarda	MTSS2	XM_056525420.1	6960	XP_056381395.1	738
130276275	Hyla sarda	MTSS2	XM_056525422.1	6879	XP_056381397.1	711
130276275	Hyla sarda	MTSS2	XM_056525419.1	6950	XP_056381394.1	735
136992856	Apteryx mantelli	MTSS2	XM_067302704.1	2305	XP_067158805.1	714
136992856	Apteryx mantelli	MTSS2	XM_067302703.1	2311	XP_067158804.1	716
136992856	Apteryx mantelli	MTSS2	XM_067302700.1	2386	XP_067158801.1	741
136992856	Apteryx mantelli	MTSS2	XM_067302702.1	2314	XP_067158803.1	717
136992856	Apteryx mantelli	MTSS2	XM_067302701.1	2386	XP_067158802.1	741
136992856	Apteryx mantelli	MTSS2	XM_067302699.1	2389	XP_067158800.1	742
137669198	Nyctibius grandis	MTSS2	XM_068411164.1	2509	XP_068267265.1	740
102821124	Chrysochloris asiatica	MTSS2	XM_006860182.1	2232	XP_006860244.1	743
102998530	Balaenoptera acutorostrata	MTSS2	XM_057534723.1	5069	XP_057390706.1	747
102998530	Balaenoptera acutorostrata	MTSS2	XM_057534724.1	4972	XP_057390707.1	715
103673697	Ursus maritimus	MTSS2	XM_040633560.1	2973	XP_040489494.1	741
103673697	Ursus maritimus	MTSS2	XM_040633562.1	2877	XP_040489496.1	709
103673697	Ursus maritimus	MTSS2	XM_040633561.1	2964	XP_040489495.1	738
103673697	Ursus maritimus	MTSS2	XM_040633563.1	2868	XP_040489497.1	706
103673697	Ursus maritimus	MTSS2	XM_040633564.1	2690	XP_040489498.1	593
105305859	Pteropus vampyrus	MTSS2	XM_023523661.1	4356	XP_023379429.1	594
106899089	Calidris pugnax	MTSS2	XM_014960756.1	3772	XP_014816242.1	838
110476278	Lonchura striata	MTSS2	XM_021541099.1	2618	XP_021396774.1	758
110476278	Lonchura striata	MTSS2	XM_021541101.1	2576	XP_021396776.1	744
110476278	Lonchura striata	MTSS2	XM_021541102.1	2573	XP_021396777.1	743
110476278	Lonchura striata	MTSS2	XM_021541100.1	2615	XP_021396775.1	757
110476278	Lonchura striata	MTSS2	XM_031505829.1	2570	XP_031361689.1	742
110476278	Lonchura striata	MTSS2	XM_021541103.1	2534	XP_021396778.1	730
110476278	Lonchura striata	MTSS2	XM_021541105.1	2489	XP_021396780.1	715
112614452	Theropithecus gelada	MTSS2	XM_025370999.1	4804	XP_025226784.1	747
112614452	Theropithecus gelada	MTSS2	XM_025371001.1	4729	XP_025226786.1	722
112614452	Theropithecus gelada	MTSS2	XM_025371002.1	4708	XP_025226787.1	715
112614452	Theropithecus gelada	MTSS2	XM_025371000.1	4795	XP_025226785.1	744
112614452	Theropithecus gelada	MTSS2	XM_025371003.1	4699	XP_025226788.1	712
114851933	Betta splendens	mtss1lb	XM_029143837.3	8796	XP_028999670.2	802
115804514	Chanos chanos	mtss1lb	XM_030765004.1	2302	XP_030620864.1	761
119423842	Nematolebias whitei	mtss1lb	XM_037691262.1	2735	XP_037547190.1	858
119518600	Choloepus didactylus	MTSS2	XM_037815816.1	4542	XP_037671744.1	711
119518600	Choloepus didactylus	MTSS2	XM_037815815.1	4550	XP_037671743.1	714
119518600	Choloepus didactylus	MTSS2	XM_037815814.1	4635	XP_037671742.1	743
119518600	Choloepus didactylus	MTSS2	XM_037815813.1	4643	XP_037671741.1	746
123800512	Ursus americanus	MTSS2	XM_045810233.1	4695	XP_045666189.1	716
123800512	Ursus americanus	MTSS2	XM_045810227.1	4779	XP_045666183.1	744
123800512	Ursus americanus	MTSS2	XM_045810231.1	4659	XP_045666187.1	709
123800512	Ursus americanus	MTSS2	XM_045810228.1	4755	XP_045666184.1	741
123800512	Ursus americanus	MTSS2	XM_045810230.1	4668	XP_045666186.1	712
123800512	Ursus americanus	MTSS2	XM_045810229.1	4689	XP_045666185.1	719
123800512	Ursus americanus	MTSS2	XM_045810232.1	4462	XP_045666188.1	596
124035835	Oncorhynchus gorbuscha	mtss1lb	XM_046349611.1	7817	XP_046205567.1	797
124035835	Oncorhynchus gorbuscha	mtss1lb	XM_046349613.1	7730	XP_046205569.1	768
124035835	Oncorhynchus gorbuscha	mtss1lb	XM_046349615.1	7666	XP_046205571.1	747
124035835	Oncorhynchus gorbuscha	mtss1lb	XM_046349612.1	7807	XP_046205568.1	794
124035835	Oncorhynchus gorbuscha	mtss1lb	XM_046349614.1	7720	XP_046205570.1	765
124035835	Oncorhynchus gorbuscha	mtss1lb	XM_046349617.1	7570	XP_046205573.1	715
125152859	Prionailurus viverrinus	MTSS2	XM_047835409.1	4617	XP_047691365.1	703
125152859	Prionailurus viverrinus	MTSS2	XM_047835408.1	4638	XP_047691364.1	710
125152859	Prionailurus viverrinus	MTSS2	XM_047835405.1	4713	XP_047691361.1	735
125152859	Prionailurus viverrinus	MTSS2	XM_047835404.1	4722	XP_047691360.1	738
125152859	Prionailurus viverrinus	MTSS2	XM_047835402.1	4843	XP_047691358.1	764
125152859	Prionailurus viverrinus	MTSS2	XM_047835407.1	4756	XP_047691363.1	735
125152859	Prionailurus viverrinus	MTSS2	XM_047835403.1	4777	XP_047691359.1	742
125152859	Prionailurus viverrinus	MTSS2	XM_047835401.1	4852	XP_047691357.1	767
128793561	Vidua chalybeata	MTSS2	XM_053952861.1	3790	XP_053808836.1	714
128793561	Vidua chalybeata	MTSS2	XM_053952858.1	3801	XP_053808833.1	718
128793561	Vidua chalybeata	MTSS2	XM_053952859.1	3790	XP_053808834.1	715
128793561	Vidua chalybeata	MTSS2	XM_053952855.1	3869	XP_053808830.1	742
128793561	Vidua chalybeata	MTSS2	XM_053952862.1	3777	XP_053808837.1	712
128793561	Vidua chalybeata	MTSS2	XM_053952857.1	3858	XP_053808832.1	739
128793561	Vidua chalybeata	MTSS2	XM_053952856.1	3861	XP_053808831.1	740
128793561	Vidua chalybeata	MTSS2	XM_053952860.1	3786	XP_053808835.1	715
128793561	Vidua chalybeata	MTSS2	XM_053952854.1	3870	XP_053808829.1	743
129343938	Eublepharis macularius	MTSS2	XM_055000351.1	5719	XP_054856326.1	733
129343938	Eublepharis macularius	MTSS2	XM_055000352.1	5653	XP_054856327.1	711
130420336	Triplophysa dalaica	mtss1lb	XM_056747545.1	6845	XP_056603523.1	798
130420336	Triplophysa dalaica	mtss1lb	XM_056747581.1	6704	XP_056603559.1	751
130420336	Triplophysa dalaica	mtss1lb	XM_056747565.1	6758	XP_056603543.1	769
130420336	Triplophysa dalaica	mtss1lb	XM_056747555.1	6836	XP_056603533.1	795
130420336	Triplophysa dalaica	mtss1lb	XM_056747574.1	6749	XP_056603552.1	766
130420336	Triplophysa dalaica	mtss1lb	XM_056747589.1	6608	XP_056603567.1	719
130579557	Malurus melanocephalus	MTSS2	XM_057376457.1	2287	XP_057232440.1	712
130579557	Malurus melanocephalus	MTSS2	XM_057376456.1	2290	XP_057232439.1	713
130579557	Malurus melanocephalus	MTSS2	XM_057376455.1	2293	XP_057232438.1	714
130579557	Malurus melanocephalus	MTSS2	XM_057376453.1	2368	XP_057232436.1	739
130579557	Malurus melanocephalus	MTSS2	XM_057376451.1	2371	XP_057232434.1	740
130579557	Malurus melanocephalus	MTSS2	XM_057376454.1	2296	XP_057232437.1	715
130579557	Malurus melanocephalus	MTSS2	XM_057376450.1	2371	XP_057232433.1	740
130579557	Malurus melanocephalus	MTSS2	XM_057376449.1	2374	XP_057232432.1	741
132782967	Anolis sagrei	MTSS2	XM_067470901.1	3478	XP_067327002.1	717
132782967	Anolis sagrei	MTSS2	XM_067470900.1	3547	XP_067327001.1	740
132782967	Anolis sagrei	MTSS2	XM_067470899.1	3553	XP_067327000.1	742
132782967	Anolis sagrei	MTSS2	XM_067470898.1	3622	XP_067326999.1	765
132824026	Hemiscyllium ocellatum	mtss1lb	XM_060838265.1	3207	XP_060694248.1	761
132824026	Hemiscyllium ocellatum	mtss1lb	XM_060838267.1	3168	XP_060694250.1	748
132824026	Hemiscyllium ocellatum	mtss1lb	XM_060838271.1	3087	XP_060694254.1	721
132824026	Hemiscyllium ocellatum	mtss1lb	XM_060838272.1	3048	XP_060694255.1	708
132824026	Hemiscyllium ocellatum	mtss1lb	XM_060838266.1	3204	XP_060694249.1	760
132824026	Hemiscyllium ocellatum	mtss1lb	XM_060838269.1	3165	XP_060694252.1	747
132824026	Hemiscyllium ocellatum	mtss1lb	XM_060838273.1	3045	XP_060694256.1	707
132824026	Hemiscyllium ocellatum	mtss1lb	XM_060838270.1	3123	XP_060694253.1	733
132824026	Hemiscyllium ocellatum	mtss1lb	XM_060838275.1	3759	XP_060694258.1	812
132824026	Hemiscyllium ocellatum	mtss1lb	XM_060838274.1	2684	XP_060694257.1	680
134408978	Elgaria multicarinata webbii	MTSS2	XM_063141501.1	6070	XP_062997571.1	734
134408978	Elgaria multicarinata webbii	MTSS2	XM_063141502.1	6004	XP_062997572.1	712
134408978	Elgaria multicarinata webbii	MTSS2	XM_063141503.1	5995	XP_062997573.1	709
134408978	Elgaria multicarinata webbii	MTSS2	XM_063141504.1	5783	XP_062997574.1	635
139278703	Pristiophorus japonicus	mtss1lb	XM_070897764.1	5274	XP_070753865.1	751
139802189	Heliangelus exortis	MTSS2	XM_071757089.1	4249	XP_071613190.1	743
139802189	Heliangelus exortis	MTSS2	XM_071757088.1	4246	XP_071613189.1	744
139802189	Heliangelus exortis	MTSS2	XM_071757087.1	5467	XP_071613188.1	757
139802189	Heliangelus exortis	MTSS2	XM_071757085.1	5469	XP_071613186.1	758
140070447	Engystomops pustulosus	MTSS2	XM_072116980.1	7720	XP_071973081.1	735
140070447	Engystomops pustulosus	MTSS2	XM_072116981.1	7648	XP_071973082.1	711
140070447	Engystomops pustulosus	MTSS2	XM_072116982.1	7500	XP_071973083.1	673
307845	Rattus norvegicus	Mtss2	XM_039097762.2	5083	XP_038953690.1	766
307845	Rattus norvegicus	Mtss2	XM_063278057.1	4985	XP_063134127.1	734
307845	Rattus norvegicus	Mtss2	XM_039097765.2	5019	XP_038953693.1	747
307845	Rattus norvegicus	Mtss2	NM_001191558.1	3447	NP_001178487.1	715
307845	Rattus norvegicus	Mtss2	XM_063278058.1	7763	XP_063134128.1	704
101835326	Mesocricetus auratus	Mtss2	XM_040736993.1	4550	XP_040592927.1	722
101835326	Mesocricetus auratus	Mtss2	XM_040736971.1	4559	XP_040592905.1	725
101835326	Mesocricetus auratus	Mtss2	XM_040736979.1	4528	XP_040592913.1	715
101835326	Mesocricetus auratus	Mtss2	XM_040736969.1	4624	XP_040592903.1	747
101835326	Mesocricetus auratus	Mtss2	XM_040736975.1	4537	XP_040592909.1	718
101835326	Mesocricetus auratus	Mtss2	XM_040736965.1	4633	XP_040592899.1	750
101835326	Mesocricetus auratus	Mtss2	XM_040736987.1	4775	XP_040592921.1	688
101835326	Mesocricetus auratus	Mtss2	XM_040736981.1	4868	XP_040592915.1	688
106855871	Sturnus vulgaris	MTSS2	XM_014880851.1	2238	XP_014736337.1	745
106918234	Poecilia mexicana	mtss1lb	XM_014987818.1	5789	XP_014843304.1	840
110594011	Neomonachus schauinslandi	MTSS2	XM_044922062.1	2641	XP_044777997.1	774
113445252	Pseudonaja textilis	MTSS2	XM_026714339.1	3894	XP_026570124.1	683
113445252	Pseudonaja textilis	MTSS2	XM_026714338.1	4014	XP_026570123.1	723
113936385	Zalophus californianus	MTSS2	XM_027619473.2	4605	XP_027475274.1	706
113936385	Zalophus californianus	MTSS2	XM_027619475.2	4626	XP_027475276.1	713
113936385	Zalophus californianus	MTSS2	XM_027619472.2	4701	XP_027475273.1	738
113936385	Zalophus californianus	MTSS2	XM_027619471.2	4710	XP_027475272.1	741
113936385	Zalophus californianus	MTSS2	XM_027619468.2	5168	XP_027475269.1	811
113936385	Zalophus californianus	MTSS2	XM_027619469.2	5102	XP_027475270.1	789
113936385	Zalophus californianus	MTSS2	XM_027619470.2	5080	XP_027475271.1	782
113936385	Zalophus californianus	MTSS2	XM_027619467.2	5174	XP_027475268.1	814
113936385	Zalophus californianus	MTSS2	XM_027619474.2	4502	XP_027475275.1	681
113974812	Neopelma chrysocephalum	MTSS2	XM_027698304.1	2491	XP_027554105.1	744
113974812	Neopelma chrysocephalum	MTSS2	XM_027698305.1	2488	XP_027554106.1	743
113974812	Neopelma chrysocephalum	MTSS2	XM_027698306.1	2488	XP_027554107.1	743
113974812	Neopelma chrysocephalum	MTSS2	XM_027698307.1	2485	XP_027554108.1	742
113974812	Neopelma chrysocephalum	MTSS2	XM_027698313.1	2407	XP_027554114.1	716
113974812	Neopelma chrysocephalum	MTSS2	XM_027698308.1	2482	XP_027554109.1	741
113974812	Neopelma chrysocephalum	MTSS2	XM_027698309.1	2479	XP_027554110.1	740
113974812	Neopelma chrysocephalum	MTSS2	XM_027698311.1	2479	XP_027554112.1	740
113974812	Neopelma chrysocephalum	MTSS2	XM_027698312.1	2476	XP_027554113.1	739
113974812	Neopelma chrysocephalum	MTSS2	XM_027698314.1	2395	XP_027554115.1	712
114559876	Perca flavescens	mtss1lb	XM_028584870.1	3254	XP_028440671.1	861
114559876	Perca flavescens	mtss1lb	XM_028584879.1	3104	XP_028440680.1	811
114559876	Perca flavescens	mtss1lb	XM_028584887.1	2954	XP_028440688.1	761
114708080	Peromyscus leucopus	Mtss2	XM_028891079.1	4724	XP_028746912.1	749
114708080	Peromyscus leucopus	Mtss2	XM_028891081.1	4477	XP_028746914.1	724
114708080	Peromyscus leucopus	Mtss2	XM_028891082.1	4462	XP_028746915.1	719
114708080	Peromyscus leucopus	Mtss2	XM_028891080.1	4543	XP_028746913.1	746
114708080	Peromyscus leucopus	Mtss2	XM_028891083.1	4453	XP_028746916.1	716
115346378	Aquila chrysaetos chrysaetos	MTSS2	XM_030026386.1	2510	XP_029882246.1	743
115346378	Aquila chrysaetos chrysaetos	MTSS2	XM_030026385.1	2410	XP_029882245.1	712
115346378	Aquila chrysaetos chrysaetos	MTSS2	XM_030026383.1	2491	XP_029882243.1	739
115346378	Aquila chrysaetos chrysaetos	MTSS2	XM_030026381.1	2494	XP_029882241.1	740
115346378	Aquila chrysaetos chrysaetos	MTSS2	XM_030026384.1	2419	XP_029882244.1	715
115346378	Aquila chrysaetos chrysaetos	MTSS2	XM_030026380.1	2500	XP_029882240.1	742
116383146	Anarrhichthys ocellatus	mtss1lb	XM_031846744.1	3079	XP_031702604.1	797
116383146	Anarrhichthys ocellatus	mtss1lb	XM_031846742.1	2983	XP_031702602.1	765
116383146	Anarrhichthys ocellatus	mtss1lb	XM_031846743.1	2974	XP_031702603.1	762
117088028	Trachypithecus francoisi	MTSS2	XM_033218952.1	4920	XP_033074843.1	747
117088028	Trachypithecus francoisi	MTSS2	XM_033218955.1	4845	XP_033074846.1	722
117088028	Trachypithecus francoisi	MTSS2	XM_033218956.1	4824	XP_033074847.1	715
117088028	Trachypithecus francoisi	MTSS2	XM_033218953.1	4904	XP_033074844.1	744
117088028	Trachypithecus francoisi	MTSS2	XM_033218957.1	4808	XP_033074848.1	712
117088028	Trachypithecus francoisi	MTSS2	XM_033218954.1	4799	XP_033074845.1	736
118999236	Sturnira hondurensis	MTSS2	XM_037063675.1	4817	XP_036919570.1	714
118999236	Sturnira hondurensis	MTSS2	XM_037063670.1	4752	XP_036919565.1	739
118999236	Sturnira hondurensis	MTSS2	XM_037063672.1	4665	XP_036919567.1	710
118999236	Sturnira hondurensis	MTSS2	XM_037063671.1	4686	XP_036919566.1	717
118999236	Sturnira hondurensis	MTSS2	XM_037063673.1	2124	XP_036919568.1	707
118999236	Sturnira hondurensis	MTSS2	XM_037063669.1	2229	XP_036919564.1	742
119705494	Motacilla alba alba	MTSS2	XM_038148004.1	2782	XP_038003932.1	740
119705494	Motacilla alba alba	MTSS2	XM_038148000.1	2784	XP_038003928.1	741
119705494	Motacilla alba alba	MTSS2	XM_038148010.1	2702	XP_038003938.1	714
119705494	Motacilla alba alba	MTSS2	XM_038148009.1	2703	XP_038003937.1	715
119705494	Motacilla alba alba	MTSS2	XM_038147998.1	2785	XP_038003926.1	743
119705494	Motacilla alba alba	MTSS2	XM_038148005.1	2772	XP_038003933.1	739
119705494	Motacilla alba alba	MTSS2	XM_038148001.1	2773	XP_038003929.1	740
119705494	Motacilla alba alba	MTSS2	XM_038148007.1	2701	XP_038003935.1	716
119705494	Motacilla alba alba	MTSS2	XM_038147996.1	2785	XP_038003924.1	744
119705494	Motacilla alba alba	MTSS2	XM_038148011.1	2688	XP_038003939.1	712
119705494	Motacilla alba alba	MTSS2	XM_038148006.1	2704	XP_038003934.1	718
119705494	Motacilla alba alba	MTSS2	XM_038148008.1	2694	XP_038003936.1	715
119705494	Motacilla alba alba	MTSS2	XM_038147999.1	2775	XP_038003927.1	742
119705494	Motacilla alba alba	MTSS2	XM_038147997.1	2778	XP_038003925.1	743
119889884	Micropterus salmoides	mtss1lb	XM_038700791.1	11483	XP_038556719.1	823
119889884	Micropterus salmoides	mtss1lb	XM_038700789.1	11617	XP_038556717.1	868
119889884	Micropterus salmoides	mtss1lb	XM_038700790.1	11605	XP_038556718.1	865
119889884	Micropterus salmoides	mtss1lb	XM_038700792.1	11455	XP_038556720.1	816
119889884	Micropterus salmoides	mtss1lb	XM_038700793.1	11445	XP_038556721.1	813
123236716	Gracilinanus agilis	MTSS2	XM_044663105.1	2514	XP_044519040.1	651
123236716	Gracilinanus agilis	MTSS2	XM_044663098.1	2563	XP_044519033.1	710
123236716	Gracilinanus agilis	MTSS2	XM_044663102.1	2485	XP_044519037.1	684
123236716	Gracilinanus agilis	MTSS2	XM_044663101.1	2488	XP_044519036.1	685
123236716	Gracilinanus agilis	MTSS2	XM_044663099.1	2560	XP_044519034.1	709
123236716	Gracilinanus agilis	MTSS2	XM_044663103.1	2479	XP_044519038.1	682
123236716	Gracilinanus agilis	MTSS2	XM_044663100.1	2554	XP_044519035.1	707
123236716	Gracilinanus agilis	MTSS2	XM_044663104.1	2173	XP_044519039.1	557
129447018	Misgurnus anguillicaudatus	mtss1lb	XM_055208613.1	6472	XP_055064588.1	773
129447018	Misgurnus anguillicaudatus	mtss1lb	XM_055208595.1	6556	XP_055064570.1	801
129447018	Misgurnus anguillicaudatus	mtss1lb	XM_055208588.1	6559	XP_055064563.1	802
129447018	Misgurnus anguillicaudatus	mtss1lb	XM_055208604.1	6481	XP_055064579.1	776
129447018	Misgurnus anguillicaudatus	mtss1lb	XM_055208583.1	6565	XP_055064558.1	804
129447018	Misgurnus anguillicaudatus	mtss1lb	XM_055208576.1	6568	XP_055064551.1	805
129447018	Misgurnus anguillicaudatus	mtss1lb	XM_055208627.1	6414	XP_055064602.1	754
129447018	Misgurnus anguillicaudatus	mtss1lb	XM_055208618.1	6417	XP_055064593.1	755
129447018	Misgurnus anguillicaudatus	mtss1lb	XM_055208637.1	6320	XP_055064612.1	723
130077257	Rhinichthys klamathensis goyatoka	mtss1lb	XM_056242429.1	3262	XP_056098404.1	798
130077257	Rhinichthys klamathensis goyatoka	mtss1lb	XM_056242462.1	3111	XP_056098437.1	748
130077257	Rhinichthys klamathensis goyatoka	mtss1lb	XM_056242446.1	3174	XP_056098421.1	769
130077257	Rhinichthys klamathensis goyatoka	mtss1lb	XM_056242437.1	3252	XP_056098412.1	795
130077257	Rhinichthys klamathensis goyatoka	mtss1lb	XM_056242455.1	3165	XP_056098430.1	766
130077257	Rhinichthys klamathensis goyatoka	mtss1lb	XM_056242472.1	3015	XP_056098447.1	716
131911711	Peromyscus eremicus	Mtss2	XM_059264004.1	4397	XP_059119987.1	716
131911711	Peromyscus eremicus	Mtss2	XM_059264003.1	4418	XP_059119986.1	723
131911711	Peromyscus eremicus	Mtss2	XM_059264002.1	4493	XP_059119985.1	748
132123629	Carassius carassius	mtss1lb	XM_059534386.1	4173	XP_059390369.1	771
132123629	Carassius carassius	mtss1lb	XM_059534385.1	4260	XP_059390368.1	800
132123629	Carassius carassius	mtss1lb	XM_059534388.1	4021	XP_059390371.1	721
132123629	Carassius carassius	mtss1lb	XM_059534387.1	4108	XP_059390370.1	750
133473271	Phyllopteryx taeniolatus	mtss1lb	XM_061764874.1	7090	XP_061620858.1	798
133473271	Phyllopteryx taeniolatus	mtss1lb	XM_061764870.1	7243	XP_061620854.1	849
133473271	Phyllopteryx taeniolatus	mtss1lb	XM_061764872.1	7084	XP_061620856.1	796
133473271	Phyllopteryx taeniolatus	mtss1lb	XM_061764871.1	7240	XP_061620855.1	848
133473271	Phyllopteryx taeniolatus	mtss1lb	XM_061764873.1	7081	XP_061620857.1	795
134023257	Osmerus eperlanus	mtss1lb	XM_062465219.1	4912	XP_062321203.1	754
134023257	Osmerus eperlanus	mtss1lb	XM_062465218.1	4992	XP_062321202.1	782
134023257	Osmerus eperlanus	mtss1lb	XM_062465221.1	4870	XP_062321205.1	743
134023257	Osmerus eperlanus	mtss1lb	XM_062465222.1	4745	XP_062321206.1	702
136140555	Phocoena phocoena	MTSS2	XM_065898706.1	2253	XP_065754778.1	750
137598776	Antennarius striatus	mtss1lb	XM_068319247.1	6924	XP_068175348.1	783
137598776	Antennarius striatus	mtss1lb	XM_068319255.1	6921	XP_068175356.1	782
137598776	Antennarius striatus	mtss1lb	XM_068319264.1	6740	XP_068175365.1	753
137598776	Antennarius striatus	mtss1lb	XM_068319272.1	6737	XP_068175373.1	752
138418341	Ovis canadensis	MTSS2	XM_069549545.1	4734	XP_069405646.1	737
138418341	Ovis canadensis	MTSS2	XM_069549546.1	4638	XP_069405647.1	705
100146625	Equus caballus	MTSS2	XM_023637305.2	4612	XP_023493073.1	711
100146625	Equus caballus	MTSS2	XM_023637303.2	4707	XP_023493071.1	743
100146625	Equus caballus	MTSS2	XM_070262028.1	4504	XP_070118129.1	598
101618941	Condylura cristata	MTSS2	XM_012730651.1	4614	XP_012586105.1	716
101618941	Condylura cristata	MTSS2	XM_012730648.1	4710	XP_012586102.1	748
101618941	Condylura cristata	MTSS2	XM_012730650.1	4623	XP_012586104.1	719
101618941	Condylura cristata	MTSS2	XM_012730649.1	4644	XP_012586103.1	726
101618941	Condylura cristata	MTSS2	XM_004690401.2	4719	XP_004690458.1	751
101618941	Condylura cristata	MTSS2	XM_012730653.1	4380	XP_012586107.1	603
102421381	Myotis lucifugus	MTSS2	XM_023756062.1	1074	XP_023611830.1	337
102421381	Myotis lucifugus	MTSS2	XM_023756061.1	1073	XP_023611829.1	337
103735632	Nannospalax galili	Mtss2	XM_008834972.2	4677	XP_008833194.1	750
103735632	Nannospalax galili	Mtss2	XM_017798635.2	4602	XP_017654124.1	725
103735632	Nannospalax galili	Mtss2	XM_008834975.3	4581	XP_008833197.1	718
103735632	Nannospalax galili	Mtss2	XM_029564448.1	4506	XP_029420308.1	693
103735632	Nannospalax galili	Mtss2	XM_008834973.3	4668	XP_008833195.1	747
103735632	Nannospalax galili	Mtss2	XM_008834976.1	4572	XP_008833198.1	715
103735632	Nannospalax galili	Mtss2	XM_008834977.3	4654	XP_008833199.1	688
103735632	Nannospalax galili	Mtss2	XM_029564449.1	4489	XP_029420309.1	670
103735632	Nannospalax galili	Mtss2	XM_029564450.1	4306	XP_029420310.1	602
105706842	Aotus nancymaae	MTSS2	XM_012437468.3	4682	XP_012292891.1	744
105706842	Aotus nancymaae	MTSS2	XM_064383270.1	4809	XP_064239340.1	761
105706842	Aotus nancymaae	MTSS2	XM_064383271.1	4734	XP_064239341.1	736
105706842	Aotus nancymaae	MTSS2	XM_064383272.1	4473	XP_064239342.1	664
109388890	Hipposideros armiger	MTSS2	XM_019653988.1	4787	XP_019509533.1	711
109388890	Hipposideros armiger	MTSS2	XM_019653970.1	4883	XP_019509515.1	743
109388890	Hipposideros armiger	MTSS2	XM_019653979.1	4796	XP_019509524.1	714
109388890	Hipposideros armiger	MTSS2	XM_019653963.1	4892	XP_019509508.1	746
109388890	Hipposideros armiger	MTSS2	XM_019653996.1	4624	XP_019509541.1	666
114090973	Marmota flaviventris	Mtss2	XM_071604646.1	4735	XP_071460747.1	749
114090973	Marmota flaviventris	Mtss2	XM_071604647.1	4660	XP_071460748.1	724
114090973	Marmota flaviventris	Mtss2	XM_027933324.3	4639	XP_027789125.1	717
115470425	Microcaecilia unicolor	MTSS2	XM_030203599.1	6517	XP_030059459.1	755
116070177	Mastomys coucha	Mtss2	XM_031341430.1	3399	XP_031197290.1	751
116070177	Mastomys coucha	Mtss2	XM_031341431.1	3387	XP_031197291.1	748
116070177	Mastomys coucha	Mtss2	XM_031341432.1	3296	XP_031197292.1	719
116070177	Mastomys coucha	Mtss2	XM_031341433.1	3284	XP_031197293.1	716
116555619	Sapajus apella	MTSS2	XM_032284422.1	4937	XP_032140313.1	747
116555619	Sapajus apella	MTSS2	XM_032284424.1	4860	XP_032140315.1	722
116555619	Sapajus apella	MTSS2	XM_032284425.1	4839	XP_032140316.1	715
116555619	Sapajus apella	MTSS2	XM_032284423.1	4926	XP_032140314.1	744
116555619	Sapajus apella	MTSS2	XM_032284426.1	4830	XP_032140317.1	712
116555619	Sapajus apella	MTSS2	XM_032284427.1	4663	XP_032140318.1	700
117359065	Geotrypetes seraphini	MTSS2	XM_033941223.1	9586	XP_033797114.1	724
117359065	Geotrypetes seraphini	MTSS2	XM_033941221.1	9550	XP_033797112.1	712
117359065	Geotrypetes seraphini	MTSS2	XM_033941218.1	9670	XP_033797109.1	752
117359065	Geotrypetes seraphini	MTSS2	XM_033941219.1	9595	XP_033797110.1	727
117359065	Geotrypetes seraphini	MTSS2	XM_033941220.1	9559	XP_033797111.1	715
117359065	Geotrypetes seraphini	MTSS2	XM_033941217.1	9679	XP_033797108.1	755
117359065	Geotrypetes seraphini	MTSS2	XM_033941222.1	2130	XP_033797113.1	709
118246488	Cygnus atratus	MTSS2	XM_050713178.1	2650	XP_050569135.1	744
118817523	Colossoma macropomum	mtss1lb	XM_036584304.1	9640	XP_036440197.1	723
118817523	Colossoma macropomum	mtss1lb	XM_036584301.1	9790	XP_036440194.1	773
118817523	Colossoma macropomum	mtss1lb	XM_036584299.1	9877	XP_036440192.1	802
118817523	Colossoma macropomum	mtss1lb	XM_036584298.1	9880	XP_036440191.1	803
118817523	Colossoma macropomum	mtss1lb	XM_036584300.1	9799	XP_036440193.1	776
118817523	Colossoma macropomum	mtss1lb	XM_036584303.1	9736	XP_036440196.1	755
118817523	Colossoma macropomum	mtss1lb	XM_036584297.1	9886	XP_036440190.1	805
118817523	Colossoma macropomum	mtss1lb	XM_036584302.1	9739	XP_036440195.1	756
118817523	Colossoma macropomum	mtss1lb	XM_036584296.1	9889	XP_036440189.1	806
119249054	Talpa occidentalis	MTSS2	XM_037516100.2	4728	XP_037371997.1	749
119249054	Talpa occidentalis	MTSS2	XM_037516105.2	4653	XP_037372002.1	724
119249054	Talpa occidentalis	MTSS2	XM_037516104.2	4632	XP_037372001.1	717
120384296	Mauremys reevesii	MTSS2	XM_039502759.1	8170	XP_039358693.1	766
120384296	Mauremys reevesii	MTSS2	XM_039502764.1	8104	XP_039358698.1	744
120384296	Mauremys reevesii	MTSS2	XM_039502763.1	8143	XP_039358697.1	757
120384296	Mauremys reevesii	MTSS2	XM_039502765.1	8095	XP_039358699.1	741
120384296	Mauremys reevesii	MTSS2	XM_039502767.1	8029	XP_039358701.1	719
120384296	Mauremys reevesii	MTSS2	XM_039502760.1	8167	XP_039358694.1	765
120384296	Mauremys reevesii	MTSS2	XM_039502761.1	8161	XP_039358695.1	763
120384296	Mauremys reevesii	MTSS2	XM_039502762.1	8158	XP_039358696.1	762
120384296	Mauremys reevesii	MTSS2	XM_039502766.1	8085	XP_039358700.1	738
120384296	Mauremys reevesii	MTSS2	XM_039502768.1	8009	XP_039358702.1	713
120535379	Polypterus senegalus	mtss1lb	XM_039763182.1	7732	XP_039619116.1	729
120535379	Polypterus senegalus	mtss1lb	XM_039763174.1	7957	XP_039619108.1	804
120535379	Polypterus senegalus	mtss1lb	XM_039763178.1	7852	XP_039619112.1	769
120535379	Polypterus senegalus	mtss1lb	XM_039763181.1	7735	XP_039619115.1	730
120535379	Polypterus senegalus	mtss1lb	XM_039763183.1	7810	XP_039619117.1	755
120535379	Polypterus senegalus	mtss1lb	XM_039763173.1	7960	XP_039619107.1	805
120535379	Polypterus senegalus	mtss1lb	XM_039763177.1	7855	XP_039619111.1	770
120535379	Polypterus senegalus	mtss1lb	XM_039763172.1	7966	XP_039619106.1	807
120535379	Polypterus senegalus	mtss1lb	XM_039763176.1	7861	XP_039619110.1	772
120535379	Polypterus senegalus	mtss1lb	XM_039763180.1	7744	XP_039619114.1	733
120535379	Polypterus senegalus	mtss1lb	XM_039763179.1	7819	XP_039619113.1	758
120535379	Polypterus senegalus	mtss1lb	XM_039763171.1	7969	XP_039619105.1	808
120535379	Polypterus senegalus	mtss1lb	XM_039763175.1	7864	XP_039619109.1	773
121609845	Chelmon rostratus	mtss1lb	XM_041941686.1	10410	XP_041797620.1	765
121609845	Chelmon rostratus	mtss1lb	XM_041941597.1	10545	XP_041797531.1	810
121941609	Plectropomus leopardus	mtss1lb	XM_042484467.1	3976	XP_042340401.1	801
121941609	Plectropomus leopardus	mtss1lb	XM_042484439.1	4003	XP_042340373.1	810
121941609	Plectropomus leopardus	mtss1lb	XM_042484446.1	4000	XP_042340380.1	809
121941609	Plectropomus leopardus	mtss1lb	XM_042484479.1	3838	XP_042340413.1	755
121941609	Plectropomus leopardus	mtss1lb	XM_042484472.1	3865	XP_042340406.1	764
121941609	Plectropomus leopardus	mtss1lb	XM_042484453.1	3994	XP_042340387.1	807
121941609	Plectropomus leopardus	mtss1lb	XM_042484459.1	3991	XP_042340393.1	806
121941609	Plectropomus leopardus	mtss1lb	XM_042484487.1	3829	XP_042340421.1	752
125306960	Alosa alosa	mtss1lb	XM_048262613.1	8114	XP_048118570.1	763
127209302	Acomys russatus	Mtss2	XM_051168890.1	2588	XP_051024847.1	747
127209302	Acomys russatus	Mtss2	XM_051168891.1	2490	XP_051024848.1	715
131744464	Kogia breviceps	MTSS2	XM_059043933.2	4801	XP_058899916.1	747
131744464	Kogia breviceps	MTSS2	XM_059043935.2	4705	XP_058899918.1	715
131744464	Kogia breviceps	MTSS2	XM_067018724.1	4888	XP_066874825.1	685
134387916	Cynocephalus volans	MTSS2	XM_063110529.1	4662	XP_062966599.1	723
134387916	Cynocephalus volans	MTSS2	XM_063110527.1	4758	XP_062966597.1	755
134387916	Cynocephalus volans	MTSS2	XM_063110528.1	4701	XP_062966598.1	736
134387916	Cynocephalus volans	MTSS2	XM_063110526.1	4797	XP_062966596.1	768
137784991	Clinocottus analis	mtss1lb	XM_068576006.1	5329	XP_068432107.1	726
137784991	Clinocottus analis	mtss1lb	XM_068576012.1	5191	XP_068432113.1	680
137784991	Clinocottus analis	mtss1lb	XM_068576018.1	5188	XP_068432119.1	679
138582986	Ambystoma mexicanum	MTSS2	XM_069654833.1	16717	XP_069510934.1	781
138582986	Ambystoma mexicanum	MTSS2	XM_069654885.1	16529	XP_069510986.1	719
138582986	Ambystoma mexicanum	MTSS2	XM_069654842.1	16682	XP_069510943.1	770
138582986	Ambystoma mexicanum	MTSS2	XM_069654859.1	16639	XP_069510960.1	756
138582986	Ambystoma mexicanum	MTSS2	XM_069654876.1	16602	XP_069510977.1	744
138582986	Ambystoma mexicanum	MTSS2	XM_069654850.1	16644	XP_069510951.1	758
138582986	Ambystoma mexicanum	MTSS2	XM_069654866.1	16609	XP_069510967.1	747
138582986	Ambystoma mexicanum	MTSS2	XM_069654893.1	16494	XP_069510994.1	710
138687293	Haliaeetus albicilla	MTSS2	XM_069793826.1	4158	XP_069649927.1	739
138687293	Haliaeetus albicilla	MTSS2	XM_069793827.1	4076	XP_069649928.1	712
138687293	Haliaeetus albicilla	MTSS2	XM_069793825.1	4159	XP_069649926.1	740
101390246	Ceratotherium simum simum	LOC101390246	XM_004431817.2	2592	XP_004431874.1	746
101390246	Ceratotherium simum simum	LOC101390246	XM_014788560.1	2496	XP_014644046.1	714
101390246	Ceratotherium simum simum	LOC101390246	XM_014788559.1	2583	XP_014644045.1	743
101390246	Ceratotherium simum simum	LOC101390246	XM_014788561.1	2487	XP_014644047.1	711
102029971	Chinchilla lanigera	Mtss2	XM_013503871.1	4807	XP_013359325.1	717
102029971	Chinchilla lanigera	Mtss2	XM_013503869.1	4903	XP_013359323.1	749
102029971	Chinchilla lanigera	Mtss2	XM_013503868.1	4912	XP_013359322.1	752
103534724	Calypte anna	MTSS2	XM_030457956.1	2367	XP_030313816.1	744
104067254	Cuculus canorus	MTSS2	XM_054078704.1	3801	XP_053934679.1	717
104067254	Cuculus canorus	MTSS2	XM_054078706.1	3798	XP_053934681.1	716
104067254	Cuculus canorus	MTSS2	XM_054078713.1	3717	XP_053934688.1	689
104067254	Cuculus canorus	MTSS2	XM_054078714.1	3714	XP_053934689.1	688
104067254	Cuculus canorus	MTSS2	XM_054078707.1	3792	XP_053934682.1	714
104067254	Cuculus canorus	MTSS2	XM_054078711.1	3789	XP_053934686.1	713
104067254	Cuculus canorus	MTSS2	XM_054078712.1	3786	XP_053934687.1	712
104067254	Cuculus canorus	MTSS2	XM_054078715.1	3705	XP_053934690.1	685
104067254	Cuculus canorus	MTSS2	XM_054078705.1	3797	XP_053934680.1	716
104067254	Cuculus canorus	MTSS2	XM_054078708.1	3788	XP_053934683.1	713
104067254	Cuculus canorus	MTSS2	XM_054078716.1	3718	XP_053934691.1	706
104996563	Bison bison bison	MTSS2	XM_010850849.1	2307	XP_010849151.1	769
105982959	Dipodomys ordii	Mtss2	XM_013012682.1	4492	XP_012868136.1	760
107284184	Protobothrops mucrosquamatus	MTSS2	XM_029283390.1	2223	XP_029139223.1	740
107520533	Rousettus aegyptiacus	MTSS2	XM_016164445.2	5060	XP_016019931.2	746
107520533	Rousettus aegyptiacus	MTSS2	XM_036231378.1	4847	XP_036087271.1	721
107520533	Rousettus aegyptiacus	MTSS2	XM_016164447.2	4825	XP_016019933.1	714
107520533	Rousettus aegyptiacus	MTSS2	XM_016164448.2	4815	XP_016019934.1	711
107520533	Rousettus aegyptiacus	MTSS2	XM_016164446.2	4910	XP_016019932.2	743
110963946	Acanthochromis polyacanthus	mtss1lb	XM_051941237.1	11493	XP_051797197.1	862
110963946	Acanthochromis polyacanthus	mtss1lb	XM_051941249.1	11367	XP_051797209.1	820
110963946	Acanthochromis polyacanthus	mtss1lb	XM_051941239.1	11484	XP_051797199.1	859
110963946	Acanthochromis polyacanthus	mtss1lb	XM_051941243.1	11477	XP_051797203.1	857
110963946	Acanthochromis polyacanthus	mtss1lb	XM_051941252.1	11350	XP_051797212.1	815
110963946	Acanthochromis polyacanthus	mtss1lb	XM_051941256.1	11334	XP_051797216.1	810
110963946	Acanthochromis polyacanthus	mtss1lb	XM_051941258.1	11317	XP_051797218.1	805
111934763	Cyanistes caeruleus	MTSS2	XM_023934945.1	1516	XP_023790713.1	433
112987460	Dromaius novaehollandiae	MTSS2	XM_064519423.1	4180	XP_064375493.1	759
112987460	Dromaius novaehollandiae	MTSS2	XM_064519421.1	4183	XP_064375491.1	760
112987460	Dromaius novaehollandiae	MTSS2	XM_064519427.1	4098	XP_064375497.1	732
112987460	Dromaius novaehollandiae	MTSS2	XM_064519425.1	4137	XP_064375495.1	745
112987460	Dromaius novaehollandiae	MTSS2	XM_064519432.1	3977	XP_064375502.1	692
112987460	Dromaius novaehollandiae	MTSS2	XM_064519424.1	4175	XP_064375494.1	758
112987460	Dromaius novaehollandiae	MTSS2	XM_064519428.1	4061	XP_064375498.1	720
112987460	Dromaius novaehollandiae	MTSS2	XM_064519426.1	4132	XP_064375496.1	744
112987460	Dromaius novaehollandiae	MTSS2	XM_064519422.1	4177	XP_064375492.1	759
112987460	Dromaius novaehollandiae	MTSS2	XM_064519431.1	4047	XP_064375501.1	716
112987460	Dromaius novaehollandiae	MTSS2	XM_064519430.1	4053	XP_064375500.1	718
112987460	Dromaius novaehollandiae	MTSS2	XM_064519429.1	4056	XP_064375499.1	719
113190118	Urocitellus parryii	Mtss2	XM_026399257.1	4662	XP_026255042.1	752
113190118	Urocitellus parryii	Mtss2	XM_026399259.1	4587	XP_026255044.1	727
113190118	Urocitellus parryii	Mtss2	XM_026399260.1	4566	XP_026255045.1	720
113190118	Urocitellus parryii	Mtss2	XM_026399258.1	4653	XP_026255043.1	749
113190118	Urocitellus parryii	Mtss2	XM_026399261.1	4557	XP_026255046.1	717
113948975	Corapipo altera	MTSS2	XM_027647041.1	2391	XP_027502842.1	730
114202324	Eumetopias jubatus	MTSS2	XM_028095495.1	2508	XP_027951296.1	741
115377612	Myripristis murdjan	mtss1lb	XM_030077479.1	4364	XP_029933339.1	865
115377612	Myripristis murdjan	mtss1lb	XM_030077486.1	4208	XP_029933346.1	813
115377612	Myripristis murdjan	mtss1lb	XM_030077496.1	4202	XP_029933356.1	811
115377612	Myripristis murdjan	mtss1lb	XM_030077506.1	4199	XP_029933366.1	810
116517662	Thamnophis elegans	MTSS2	XM_032230766.1	6452	XP_032086657.1	709
119802033	Arvicola amphibius	Mtss2	XM_038312876.1	4400	XP_038168804.1	715
119802033	Arvicola amphibius	Mtss2	XM_038312873.1	4496	XP_038168801.1	747
119802033	Arvicola amphibius	Mtss2	XM_038312875.1	4409	XP_038168803.1	718
119802033	Arvicola amphibius	Mtss2	XM_038312874.1	4430	XP_038168802.1	725
119802033	Arvicola amphibius	Mtss2	XM_038312872.1	4505	XP_038168800.1	750
126027358	Suncus etruscus	MTSS2	XM_049786357.1	2351	XP_049642314.1	748
126027358	Suncus etruscus	MTSS2	XM_049786361.1	2225	XP_049642318.1	714
126027358	Suncus etruscus	MTSS2	XM_049786359.1	2231	XP_049642316.1	716
126027358	Suncus etruscus	MTSS2	XM_049786360.1	2228	XP_049642317.1	715
126027358	Suncus etruscus	MTSS2	XM_049786358.1	2323	XP_049642315.1	747
127599024	Hippocampus zosterae	mtss1lb	XM_052062654.1	6537	XP_051918614.1	840
127599024	Hippocampus zosterae	mtss1lb	XM_052062651.1	6546	XP_051918611.1	843
127599024	Hippocampus zosterae	mtss1lb	XM_052062656.1	6404	XP_051918616.1	796
127599024	Hippocampus zosterae	mtss1lb	XM_052062655.1	6413	XP_051918615.1	799
127599024	Hippocampus zosterae	mtss1lb	XM_052062652.1	6538	XP_051918612.1	841
127599024	Hippocampus zosterae	mtss1lb	XM_052062650.1	6547	XP_051918610.1	844
127599024	Hippocampus zosterae	mtss1lb	XM_052062657.1	6386	XP_051918617.1	791
128081726	Tympanuchus pallidicinctus	MTSS2	XM_052685271.1	3009	XP_052541231.1	625
128081726	Tympanuchus pallidicinctus	MTSS2	XM_052685262.1	2562	XP_052541222.1	737
128081726	Tympanuchus pallidicinctus	MTSS2	XM_052685264.1	2559	XP_052541224.1	736
128081726	Tympanuchus pallidicinctus	MTSS2	XM_052685269.1	2478	XP_052541229.1	709
128081726	Tympanuchus pallidicinctus	MTSS2	XM_052685263.1	2562	XP_052541223.1	737
128081726	Tympanuchus pallidicinctus	MTSS2	XM_052685265.1	2553	XP_052541225.1	734
128081726	Tympanuchus pallidicinctus	MTSS2	XM_052685266.1	2550	XP_052541226.1	733
128081726	Tympanuchus pallidicinctus	MTSS2	XM_052685270.1	2469	XP_052541230.1	706
128081726	Tympanuchus pallidicinctus	MTSS2	XM_052685268.1	2547	XP_052541228.1	732
128597030	Nycticebus coucang	MTSS2	XM_053607014.1	2831	XP_053462989.1	763
128597030	Nycticebus coucang	MTSS2	XM_053607077.1	2756	XP_053463052.1	738
128597030	Nycticebus coucang	MTSS2	XM_053607050.1	3216	XP_053463025.1	719
128597030	Nycticebus coucang	MTSS2	XM_053607067.1	3310	XP_053463042.1	754
128597030	Nycticebus coucang	MTSS2	XM_053607037.1	2667	XP_053463012.1	739
128597030	Nycticebus coucang	MTSS2	XM_053607046.1	2644	XP_053463021.1	732
128597030	Nycticebus coucang	MTSS2	XM_053607021.1	2520	XP_053462996.1	760
128597030	Nycticebus coucang	MTSS2	XM_053607005.1	2737	XP_053462980.1	764
128597030	Nycticebus coucang	MTSS2	XM_053607030.1	3215	XP_053463005.1	752
128597030	Nycticebus coucang	MTSS2	XM_053607058.1	2286	XP_053463033.1	618
132417280	Delphinus delphis	MTSS2	XM_060000963.1	4986	XP_059856946.1	747
132417280	Delphinus delphis	MTSS2	XM_060000964.1	4890	XP_059856947.1	715
134356073	Mobula hypostoma	mtss1lb	XM_063066618.1	8703	XP_062922688.1	861
134356073	Mobula hypostoma	mtss1lb	XM_063066621.1	8791	XP_062922691.1	857
134356073	Mobula hypostoma	mtss1lb	XM_063066629.1	8470	XP_062922699.1	750
134356073	Mobula hypostoma	mtss1lb	XM_063066619.1	8800	XP_062922689.1	860
134356073	Mobula hypostoma	mtss1lb	XM_063066625.1	8614	XP_062922695.1	798
134356073	Mobula hypostoma	mtss1lb	XM_063066622.1	8659	XP_062922692.1	813
134356073	Mobula hypostoma	mtss1lb	XM_063066617.1	8803	XP_062922687.1	861
134356073	Mobula hypostoma	mtss1lb	XM_063066626.1	9054	XP_062922696.1	780
134356073	Mobula hypostoma	mtss1lb	XM_063066631.1	8460	XP_062922701.1	747
134356073	Mobula hypostoma	mtss1lb	XM_063066620.1	8793	XP_062922690.1	858
134356073	Mobula hypostoma	mtss1lb	XM_063066632.1	8427	XP_062922702.1	736
134356073	Mobula hypostoma	mtss1lb	XM_063066628.1	8472	XP_062922698.1	751
134356073	Mobula hypostoma	mtss1lb	XM_063066623.1	8616	XP_062922693.1	799
134356073	Mobula hypostoma	mtss1lb	XM_063066624.1	8932	XP_062922694.1	798
134356073	Mobula hypostoma	mtss1lb	XM_063066633.1	8417	XP_062922703.1	733
134356073	Mobula hypostoma	mtss1lb	XM_063066630.1	8462	XP_062922700.1	748
136758909	Amia calva	mtss1lb	XM_066713665.1	10101	XP_066569762.1	777
136758909	Amia calva	mtss1lb	XM_066713666.1	10056	XP_066569763.1	762
136758909	Amia calva	mtss1lb	XM_066713664.1	10119	XP_066569761.1	783
136758909	Amia calva	mtss1lb	XM_066713667.1	9969	XP_066569764.1	733
136758909	Amia calva	mtss1lb	XM_066713662.1	10205	XP_066569759.1	812
138160837	Petaurus breviceps papuanus	MTSS2	XM_069087628.1	6402	XP_068943729.1	741
138160837	Petaurus breviceps papuanus	MTSS2	XM_069087629.1	6399	XP_068943730.1	740
138160837	Petaurus breviceps papuanus	MTSS2	XM_069087631.1	6326	XP_068943732.1	716
138160837	Petaurus breviceps papuanus	MTSS2	XM_069087632.1	6323	XP_068943733.1	715
138160837	Petaurus breviceps papuanus	MTSS2	XM_069087633.1	6316	XP_068943734.1	713
138160837	Petaurus breviceps papuanus	MTSS2	XM_069087630.1	6390	XP_068943731.1	734
100758555	Cricetulus griseus	Mtss2	XM_003501073.5	2295	XP_003501121.2	750
100758555	Cricetulus griseus	Mtss2	XM_027406007.2	4692	XP_027261808.1	782
100758555	Cricetulus griseus	Mtss2	XM_027406005.2	4766	XP_027261806.1	807
100758555	Cricetulus griseus	Mtss2	XM_035442674.1	4594	XP_035298565.1	750
100758555	Cricetulus griseus	Mtss2	XM_027406006.2	4756	XP_027261807.1	804
100758555	Cricetulus griseus	Mtss2	XM_027406008.2	4668	XP_027261809.1	775
100758555	Cricetulus griseus	Mtss2	XM_027406009.2	2406	XP_027261810.1	772
101278977	Orcinus orca	MTSS2	XM_033434664.2	6219	XP_033290555.1	716
101278977	Orcinus orca	MTSS2	XM_033434662.2	6315	XP_033290553.1	748
101278977	Orcinus orca	MTSS2	XM_033434665.2	4517	XP_033290556.1	603
101653975	Echinops telfairi	MTSS2	XM_045293820.1	5149	XP_045149755.1	725
101653975	Echinops telfairi	MTSS2	XM_045293821.1	4373	XP_045149756.1	703
101653975	Echinops telfairi	MTSS2	XM_045293819.1	4439	XP_045149754.1	725
101653975	Echinops telfairi	MTSS2	XM_045293823.1	4345	XP_045149758.1	694
101653975	Echinops telfairi	MTSS2	XM_004704801.4	4446	XP_004704858.1	728
101653975	Echinops telfairi	MTSS2	XM_045293822.1	4352	XP_045149757.1	697
102905020	Peromyscus maniculatus bairdii	Mtss2	XM_006974103.3	4531	XP_006974165.1	749
102905020	Peromyscus maniculatus bairdii	Mtss2	XM_042277697.1	4504	XP_042133631.1	740
102905020	Peromyscus maniculatus bairdii	Mtss2	XM_006974105.3	4456	XP_006974167.1	724
102905020	Peromyscus maniculatus bairdii	Mtss2	XM_006974106.3	4441	XP_006974168.1	719
102905020	Peromyscus maniculatus bairdii	Mtss2	XM_042277699.1	4366	XP_042133633.1	694
102905020	Peromyscus maniculatus bairdii	Mtss2	XM_006974104.3	4522	XP_006974166.1	746
102905020	Peromyscus maniculatus bairdii	Mtss2	XM_006974107.3	4432	XP_006974169.1	716
103552414	Equus przewalskii	MTSS2	XM_070612313.1	4614	XP_070468414.1	711
103552414	Equus przewalskii	MTSS2	XM_070612312.1	4709	XP_070468413.1	743
103552414	Equus przewalskii	MTSS2	XM_070612314.1	4505	XP_070468415.1	598
108802277	Nanorana parkeri	MTSS2	XM_018574146.1	2173	XP_018429648.1	695
112160476	Oryzias melastigma	mtss1lb	XM_024295023.1	9832	XP_024150791.1	836
112160476	Oryzias melastigma	mtss1lb	XM_024295026.2	9748	XP_024150794.1	836
112160476	Oryzias melastigma	mtss1lb	XM_036211376.1	9752	XP_036067269.1	836
112160476	Oryzias melastigma	mtss1lb	XM_024295020.1	10074	XP_024150788.1	836
112160476	Oryzias melastigma	mtss1lb	XM_036211375.1	9978	XP_036067268.1	836
112160476	Oryzias melastigma	mtss1lb	XM_024295019.1	10060	XP_024150787.1	836
112160476	Oryzias melastigma	mtss1lb	XM_024295022.1	10057	XP_024150790.1	836
112160476	Oryzias melastigma	mtss1lb	XM_024295025.1	9961	XP_024150793.1	836
112160476	Oryzias melastigma	mtss1lb	XM_024295018.2	9973	XP_024150786.1	843
112160476	Oryzias melastigma	mtss1lb	XM_024295016.2	9981	XP_024150784.1	846
112160476	Oryzias melastigma	mtss1lb	XM_024295017.2	9978	XP_024150785.1	845
112160476	Oryzias melastigma	mtss1lb	XM_024295033.2	9809	XP_024150801.1	790
112160476	Oryzias melastigma	mtss1lb	XM_024295031.2	9820	XP_024150799.1	794
112160476	Oryzias melastigma	mtss1lb	XM_024295032.2	9817	XP_024150800.1	793
115202943	Salmo trutta	mtss1lb	XM_029767139.1	4642	XP_029622999.1	801
115202943	Salmo trutta	mtss1lb	XM_029767142.1	2792	XP_029623002.1	769
115202943	Salmo trutta	mtss1lb	XM_029767140.1	2879	XP_029623000.1	798
115202943	Salmo trutta	mtss1lb	XM_029767141.1	2801	XP_029623001.1	772
115202943	Salmo trutta	mtss1lb	XM_029767143.1	2738	XP_029623003.1	751
115202943	Salmo trutta	mtss1lb	XM_029767145.1	2160	XP_029623005.1	719
117670476	Pantherophis guttatus	MTSS2	XM_034425672.2	5202	XP_034281563.1	711
117670476	Pantherophis guttatus	MTSS2	XM_060681517.1	5126	XP_060537500.1	686
117670476	Pantherophis guttatus	MTSS2	XM_034425673.2	5197	XP_034281564.1	710
117670476	Pantherophis guttatus	MTSS2	XM_060681518.1	5019	XP_060537501.1	649
119158009	Falco rusticolus	MTSS2	XM_037409476.1	2298	XP_037265373.1	714
119158009	Falco rusticolus	MTSS2	XM_037409475.1	2301	XP_037265372.1	715
119158009	Falco rusticolus	MTSS2	XM_037409472.1	2372	XP_037265369.1	739
119158009	Falco rusticolus	MTSS2	XM_037409469.1	2375	XP_037265366.1	740
119158009	Falco rusticolus	MTSS2	XM_037409473.1	2309	XP_037265370.1	718
119158009	Falco rusticolus	MTSS2	XM_037409477.1	2290	XP_037265374.1	712
119158009	Falco rusticolus	MTSS2	XM_037409474.1	2299	XP_037265371.1	715
119158009	Falco rusticolus	MTSS2	XM_037409468.1	2380	XP_037265365.1	742
119158009	Falco rusticolus	MTSS2	XM_037409467.1	2383	XP_037265364.1	743
120790050	Xiphias gladius	mtss1lb	XM_040127349.1	3253	XP_039983283.1	813
122421753	Cervus canadensis	MTSS2	XM_043438066.1	4675	XP_043294001.1	712
122421753	Cervus canadensis	MTSS2	XM_043438061.1	4750	XP_043293996.1	737
122421753	Cervus canadensis	MTSS2	XM_043438065.1	4588	XP_043294000.1	683
122421753	Cervus canadensis	MTSS2	XM_043438062.1	4684	XP_043293997.1	715
122421753	Cervus canadensis	MTSS2	XM_043438059.1	4759	XP_043293994.1	740
122421753	Cervus canadensis	MTSS2	XM_043438064.1	4653	XP_043293999.1	705
122421753	Cervus canadensis	MTSS2	XM_043438063.1	4662	XP_043293998.1	708
122840838	Gambusia affinis	mtss1lb	XM_044133576.1	11060	XP_043989511.1	855
122840838	Gambusia affinis	mtss1lb	XM_044133600.1	10904	XP_043989535.1	803
122840838	Gambusia affinis	mtss1lb	XM_044133594.1	10937	XP_043989529.1	814
122840838	Gambusia affinis	mtss1lb	XM_044133585.1	11051	XP_043989520.1	852
122840838	Gambusia affinis	mtss1lb	XM_044133609.1	10895	XP_043989544.1	800
122920251	Bufo gargarizans	MTSS2	XM_044269613.1	5836	XP_044125548.1	738
122920251	Bufo gargarizans	MTSS2	XM_044269614.1	5827	XP_044125549.1	735
123855283	Mirounga angustirostris	MTSS2	XM_064581273.1	4622	XP_064437343.1	678
123855283	Mirounga angustirostris	MTSS2	XM_045890770.3	4697	XP_045746726.1	703
123855283	Mirounga angustirostris	MTSS2	XM_045890771.3	4718	XP_045746727.1	710
123855283	Mirounga angustirostris	MTSS2	XM_045890767.3	4792	XP_045746723.1	735
123855283	Mirounga angustirostris	MTSS2	XM_064581274.1	4487	XP_064437344.1	655
123855283	Mirounga angustirostris	MTSS2	XM_064581275.1	4389	XP_064437345.1	590
125134488	Phacochoerus africanus	MTSS2	XM_047793851.1	4982	XP_047649807.1	749
125134488	Phacochoerus africanus	MTSS2	XM_047793855.1	4807	XP_047649811.1	746
125134488	Phacochoerus africanus	MTSS2	XM_047793850.1	4837	XP_047649806.1	756
125134488	Phacochoerus africanus	MTSS2	XM_047793852.1	4750	XP_047649808.1	727
125134488	Phacochoerus africanus	MTSS2	XM_047793849.1	4846	XP_047649805.1	759
125134488	Phacochoerus africanus	MTSS2	XM_047793853.1	4710	XP_047649809.1	714
125134488	Phacochoerus africanus	MTSS2	XM_047793854.1	4501	XP_047649810.1	611
125916407	Panthera uncia	MTSS2	XM_049622591.1	3934	XP_049478548.1	790
125916407	Panthera uncia	MTSS2	XM_049622592.1	3838	XP_049478549.1	758
125916407	Panthera uncia	MTSS2	XM_049622593.1	3369	XP_049478550.1	735
125916407	Panthera uncia	MTSS2	XM_049622594.1	3273	XP_049478551.1	703
128848664	Malaclemys terrapin pileata	MTSS2	XM_054048708.1	7550	XP_053904683.1	762
128848664	Malaclemys terrapin pileata	MTSS2	XM_054048709.1	7529	XP_053904684.1	755
128848664	Malaclemys terrapin pileata	MTSS2	XM_054048714.1	7399	XP_053904689.1	712
128848664	Malaclemys terrapin pileata	MTSS2	XM_054048712.1	7465	XP_053904687.1	734
128848664	Malaclemys terrapin pileata	MTSS2	XM_054048713.1	7408	XP_053904688.1	715
128848664	Malaclemys terrapin pileata	MTSS2	XM_054048711.1	7474	XP_053904686.1	737
128848664	Malaclemys terrapin pileata	MTSS2	XM_054048710.1	7483	XP_053904685.1	740
129101120	Anoplopoma fimbria	mtss1lb	XM_054610777.1	2548	XP_054466752.1	816
130111274	Lampris incognitus	mtss1lb	XM_056278405.1	3821	XP_056134380.1	794
131582631	Poecile atricapillus	MTSS2	XM_058846017.1	3965	XP_058702000.1	740
131582631	Poecile atricapillus	MTSS2	XM_058846020.1	3893	XP_058702003.1	716
131582631	Poecile atricapillus	MTSS2	XM_058846014.1	3971	XP_058701997.1	742
131582631	Poecile atricapillus	MTSS2	XM_058846013.1	3974	XP_058701996.1	743
131582631	Poecile atricapillus	MTSS2	XM_058846010.1	3977	XP_058701993.1	744
131582631	Poecile atricapillus	MTSS2	XM_058846024.1	3880	XP_058702007.1	712
131582631	Poecile atricapillus	MTSS2	XM_058846023.1	3886	XP_058702006.1	714
131582631	Poecile atricapillus	MTSS2	XM_058846018.1	3961	XP_058702001.1	739
131582631	Poecile atricapillus	MTSS2	XM_058846016.1	3964	XP_058701999.1	740
131582631	Poecile atricapillus	MTSS2	XM_058846015.1	3967	XP_058701998.1	741
131582631	Poecile atricapillus	MTSS2	XM_058846019.1	3898	XP_058702002.1	718
131582631	Poecile atricapillus	MTSS2	XM_058846012.1	3973	XP_058701995.1	743
131582631	Poecile atricapillus	MTSS2	XM_058846021.1	3888	XP_058702004.1	715
133224394	Neopsephotus bourkii	MTSS2	XM_061375862.1	2510	XP_061231846.1	718
133224394	Neopsephotus bourkii	MTSS2	XM_061375864.1	2498	XP_061231848.1	714
133224394	Neopsephotus bourkii	MTSS2	XM_061375858.1	2584	XP_061231842.1	743
133224394	Neopsephotus bourkii	MTSS2	XM_061375859.1	2581	XP_061231843.1	742
133224394	Neopsephotus bourkii	MTSS2	XM_061375863.1	2500	XP_061231847.1	715
133224394	Neopsephotus bourkii	MTSS2	XM_061375861.1	2572	XP_061231845.1	739
133224394	Neopsephotus bourkii	MTSS2	XM_061375860.1	2574	XP_061231844.1	740
136561448	Molothrus aeneus	MTSS2	XM_066557757.1	3975	XP_066413854.1	740
136561448	Molothrus aeneus	MTSS2	XM_066557761.1	3975	XP_066413858.1	740
136561448	Molothrus aeneus	MTSS2	XM_066557755.1	3978	XP_066413852.1	741
136561448	Molothrus aeneus	MTSS2	XM_066557754.1	3978	XP_066413851.1	741
136561448	Molothrus aeneus	MTSS2	XM_066557760.1	3978	XP_066413857.1	741
136561448	Molothrus aeneus	MTSS2	XM_066557753.1	3981	XP_066413850.1	742
136561448	Molothrus aeneus	MTSS2	XM_066557758.1	3906	XP_066413855.1	717
136561448	Molothrus aeneus	MTSS2	XM_066557752.1	3984	XP_066413849.1	743
136561448	Molothrus aeneus	MTSS2	XM_066557750.1	3987	XP_066413847.1	744
136561448	Molothrus aeneus	MTSS2	XM_066557748.1	3987	XP_066413845.1	744
136561448	Molothrus aeneus	MTSS2	XM_066557749.1	3987	XP_066413846.1	744
136561448	Molothrus aeneus	MTSS2	XM_066557747.1	3990	XP_066413844.1	745
136561448	Molothrus aeneus	MTSS2	XM_066557759.1	3890	XP_066413856.1	712
136561448	Molothrus aeneus	MTSS2	XM_066557751.1	3983	XP_066413848.1	743
138095926	Capricornis sumatraensis	MTSS2	XM_068991902.1	3067	XP_068848003.1	740
138627490	Brachyistius frenatus	mtss1lb	XM_069709854.1	8241	XP_069565955.1	862
138627490	Brachyistius frenatus	mtss1lb	XM_069709856.1	8112	XP_069565957.1	819
138627490	Brachyistius frenatus	mtss1lb	XM_069709855.1	8232	XP_069565956.1	859
138627490	Brachyistius frenatus	mtss1lb	XM_069709857.1	8083	XP_069565958.1	810
138627490	Brachyistius frenatus	mtss1lb	XM_069709860.1	8074	XP_069565961.1	807
138627490	Brachyistius frenatus	mtss1lb	XM_069709858.1	7553	XP_069565959.1	773
138627490	Brachyistius frenatus	mtss1lb	XM_069709859.1	7228	XP_069565960.1	703
100496985	Xenopus tropicalis	mtss2	XM_031900833.1	11786	XP_031756693.1	684
100496985	Xenopus tropicalis	mtss2	XM_004914043.4	11936	XP_004914100.1	735
100496985	Xenopus tropicalis	mtss2	XM_002931687.5	11945	XP_002931733.1	738
101614497	Jaculus jaculus	Mtss2	XM_045142129.1	4613	XP_044998064.1	715
101614497	Jaculus jaculus	Mtss2	XM_045142127.1	4709	XP_044998062.1	747
101614497	Jaculus jaculus	Mtss2	XM_045142128.1	4622	XP_044998063.1	718
101614497	Jaculus jaculus	Mtss2	XM_004659567.2	4718	XP_004659624.1	750
101614497	Jaculus jaculus	Mtss2	XM_045142130.1	4709	XP_044998065.1	688
101677298	Mustela putorius furo	MTSS2	XM_013057027.2	4619	XP_012912481.1	716
101677298	Mustela putorius furo	MTSS2	XM_045076292.1	4610	XP_044932227.1	713
101677298	Mustela putorius furo	MTSS2	XM_004754036.3	4693	XP_004754093.1	741
101677298	Mustela putorius furo	MTSS2	XM_013057026.2	4684	XP_012912480.1	738
101677298	Mustela putorius furo	MTSS2	XM_013057028.2	4596	XP_012912482.1	709
101677298	Mustela putorius furo	MTSS2	XM_004754037.3	4587	XP_004754094.1	706
101677298	Mustela putorius furo	MTSS2	XM_013057029.2	4284	XP_012912483.1	593
102042737	Geospiza fortis	MTSS2	XM_031058396.1	2157	XP_030914256.1	718
102746434	Leptonychotes weddellii	MTSS2	XM_031018819.1	2488	XP_030874679.1	725
103265661	Carlito syrichta	MTSS2	XM_021715150.1	2759	XP_021570825.1	851
103753940	Manacus vitellinus	MTSS2	XM_029965488.1	1966	XP_029821348.1	650
105491294	Macaca nemestrina	MTSS2	XM_011757540.2	4781	XP_011755842.2	739
105491294	Macaca nemestrina	MTSS2	XM_071084904.1	4706	XP_070941005.1	714
105491294	Macaca nemestrina	MTSS2	XM_011757545.2	4685	XP_011755847.2	707
105491294	Macaca nemestrina	MTSS2	XM_071084903.1	4878	XP_070941004.1	729
105491294	Macaca nemestrina	MTSS2	XM_071084906.1	4791	XP_070941007.1	677
105875425	Microcebus murinus	MTSS2	XM_012772436.2	2723	XP_012627890.2	802
105875425	Microcebus murinus	MTSS2	XM_020282642.1	2648	XP_020138231.1	777
105875425	Microcebus murinus	MTSS2	XM_020282643.1	2627	XP_020138232.1	770
105875425	Microcebus murinus	MTSS2	XM_012772437.2	2540	XP_012627891.1	744
105875425	Microcebus murinus	MTSS2	XM_012772440.2	2444	XP_012627894.1	712
105875425	Microcebus murinus	MTSS2	XM_012772441.1	6014	XP_012627895.1	685
105875425	Microcebus murinus	MTSS2	XM_012772434.2	3161	XP_012627888.1	682
109625148	Paralichthys olivaceus	mtss1lb	XM_069532682.1	5352	XP_069388783.1	804
109625148	Paralichthys olivaceus	mtss1lb	XM_069532745.1	3567	XP_069388846.1	759
109625148	Paralichthys olivaceus	mtss1lb	XM_069532615.1	2723	XP_069388716.1	811
109625148	Paralichthys olivaceus	mtss1lb	XM_020080262.2	2858	XP_019935821.2	856
113106223	Carassius auratus	mtss1lb	XM_026267917.1	7515	XP_026123702.1	800
113106223	Carassius auratus	mtss1lb	XM_026267916.1	7524	XP_026123701.1	803
113106223	Carassius auratus	mtss1lb	XM_026267919.1	7427	XP_026123704.1	771
113106223	Carassius auratus	mtss1lb	XM_026267918.1	7436	XP_026123703.1	774
113106223	Carassius auratus	mtss1lb	XM_026267920.1	7372	XP_026123705.1	753
113106223	Carassius auratus	mtss1lb	XM_026267921.1	7274	XP_026123706.1	721
113174109	Anabas testudineus	mtss1lb	XM_026377810.1	13474	XP_026233595.1	768
113174109	Anabas testudineus	mtss1lb	XM_026377808.1	13602	XP_026233593.1	811
113174109	Anabas testudineus	mtss1lb	XM_026377809.1	13590	XP_026233594.1	808
114515507	Phyllostomus discolor	MTSS2	XM_036012181.1	4951	XP_035868074.1	771
114515507	Phyllostomus discolor	MTSS2	XM_036012183.1	4788	XP_035868076.1	717
114515507	Phyllostomus discolor	MTSS2	XM_036012187.1	4778	XP_035868080.1	714
114515507	Phyllostomus discolor	MTSS2	XM_028534784.2	2339	XP_028390585.1	742
114515507	Phyllostomus discolor	MTSS2	XM_036012185.1	4765	XP_035868078.1	710
114515507	Phyllostomus discolor	MTSS2	XM_036012182.1	4852	XP_035868075.1	739
114515507	Phyllostomus discolor	MTSS2	XM_036012186.1	2233	XP_035868079.1	707
116449836	Corvus moneduloides	MTSS2	XM_032121739.1	3798	XP_031977630.1	746
117051180	Lacerta agilis	MTSS2	XM_033157330.1	2915	XP_033013221.1	672
117051180	Lacerta agilis	MTSS2	XM_033157328.1	2902	XP_033013219.1	709
117051180	Lacerta agilis	MTSS2	XM_033157326.1	2968	XP_033013217.1	731
117051180	Lacerta agilis	MTSS2	XM_033157329.1	2902	XP_033013220.1	709
117051180	Lacerta agilis	MTSS2	XM_033157327.1	2911	XP_033013218.1	712
117051180	Lacerta agilis	MTSS2	XM_033157325.1	2977	XP_033013216.1	734
118228190	Anguilla anguilla	mtss1lb	XM_035419527.1	1974	XP_035275418.1	615
119055868	Artibeus jamaicensis	MTSS2	XM_037154159.2	4930	XP_037010054.2	714
119055868	Artibeus jamaicensis	MTSS2	XM_037154158.2	5004	XP_037010053.2	739
119055868	Artibeus jamaicensis	MTSS2	XM_037154160.2	4906	XP_037010055.2	707
120757759	Hirundo rustica	MTSS2	XM_058422075.1	2926	XP_058278058.1	741
120757759	Hirundo rustica	MTSS2	XM_058422076.1	2923	XP_058278059.1	740
120757759	Hirundo rustica	MTSS2	XM_058422079.1	2848	XP_058278062.1	715
120757759	Hirundo rustica	MTSS2	XM_058422077.1	2923	XP_058278060.1	740
120757759	Hirundo rustica	MTSS2	XM_058422078.1	2920	XP_058278061.1	739
120757759	Hirundo rustica	MTSS2	XM_058422080.1	2845	XP_058278063.1	714
120757759	Hirundo rustica	MTSS2	XM_058422081.1	2842	XP_058278064.1	713
120757759	Hirundo rustica	MTSS2	XM_058422083.1	2839	XP_058278066.1	712
121446751	Microtus oregoni	Mtss2	XM_041649520.1	4912	XP_041505454.1	851
121446751	Microtus oregoni	Mtss2	XM_041649521.1	4890	XP_041505455.1	844
121446751	Microtus oregoni	Mtss2	XM_041649519.1	4977	XP_041505453.1	873
121446751	Microtus oregoni	Mtss2	XM_041649522.1	4881	XP_041505456.1	841
121446751	Microtus oregoni	Mtss2	XM_041649518.1	4985	XP_041505452.1	876
123930741	Meles meles	MTSS2	XM_045986986.1	4667	XP_045842942.1	708
123930741	Meles meles	MTSS2	XM_045986988.1	4690	XP_045842944.1	716
123930741	Meles meles	MTSS2	XM_045986987.1	4570	XP_045842943.1	676
123930741	Meles meles	MTSS2	XM_045986983.1	4699	XP_045842939.1	719
123930741	Meles meles	MTSS2	XM_045986985.1	4668	XP_045842941.1	709
123930741	Meles meles	MTSS2	XM_045986982.1	4764	XP_045842938.1	741
123930741	Meles meles	MTSS2	XM_045986984.1	4677	XP_045842940.1	712
123930741	Meles meles	MTSS2	XM_045986981.1	4773	XP_045842937.1	744
124511469	Lynx rufus	MTSS2	XM_047078731.1	4712	XP_046934687.1	738
124511469	Lynx rufus	MTSS2	XM_047078732.1	4616	XP_046934688.1	706
124511469	Lynx rufus	MTSS2	XM_047078733.1	4607	XP_046934689.1	703
128355559	Scomber japonicus	mtss1lb	XM_053315857.1	2438	XP_053171832.1	803
128602660	Ictalurus furcatus	mtss1lb	XM_053616585.1	6970	XP_053472560.1	742
128602660	Ictalurus furcatus	mtss1lb	XM_053616586.1	6879	XP_053472561.1	713
137537995	Hyperolius riggenbachi	MTSS2	XM_068259913.1	5139	XP_068116014.1	739
564555	Danio rerio	mtss1lb	XM_017357085.3	4039	XP_017212574.1	762
564555	Danio rerio	mtss1lb	XM_068222716.1	3976	XP_068078817.1	741
564555	Danio rerio	mtss1lb	XM_017357082.3	4126	XP_017212571.1	791
564555	Danio rerio	mtss1lb	XM_009303419.4	3888	XP_009301694.1	712
100011518	Monodelphis domestica	MTSS2	XM_056824661.1	6108	XP_056680639.1	675
100011518	Monodelphis domestica	MTSS2	XM_056824644.1	6183	XP_056680622.1	700
100011518	Monodelphis domestica	MTSS2	XM_056824655.1	6147	XP_056680633.1	688
100011518	Monodelphis domestica	MTSS2	XM_001362731.5	6222	XP_001362768.1	713
100011518	Monodelphis domestica	MTSS2	XM_056824635.1	6228	XP_056680613.1	715
100011518	Monodelphis domestica	MTSS2	XM_056824633.1	6303	XP_056680611.1	740
100011518	Monodelphis domestica	MTSS2	XM_056824634.1	6231	XP_056680612.1	716
100011518	Monodelphis domestica	MTSS2	XM_007477527.3	6306	XP_007477589.1	741
101519853	Ochotona princeps	MTSS2	XM_058674250.1	2967	XP_058530233.1	720
101519853	Ochotona princeps	MTSS2	XM_058674251.1	2945	XP_058530234.1	713
101519853	Ochotona princeps	MTSS2	XM_058674249.1	3041	XP_058530232.1	745
101569797	Octodon degus	Mtss2	XM_004625797.2	2470	XP_004625854.1	716
101569797	Octodon degus	Mtss2	XM_023709160.1	2380	XP_023564928.1	748
101569797	Octodon degus	Mtss2	XM_023709162.1	2293	XP_023564930.1	719
101569797	Octodon degus	Mtss2	XM_023709161.1	2314	XP_023564929.1	726
101569797	Octodon degus	Mtss2	XM_004625796.2	2389	XP_004625853.1	751
102411518	Bubalus bubalis	MTSS2	XM_025268364.3	4757	XP_025124149.1	740
102411518	Bubalus bubalis	MTSS2	XM_025268366.3	4660	XP_025124151.1	708
102411518	Bubalus bubalis	MTSS2	XM_025268365.3	4747	XP_025124150.1	737
102411518	Bubalus bubalis	MTSS2	XM_025268367.3	4651	XP_025124152.1	705
103026560	Astyanax mexicanus	mtss1lb	XR_007429061.1	16277		
103026560	Astyanax mexicanus	mtss1lb	XR_007429060.1	16092		
103026560	Astyanax mexicanus	mtss1lb	XM_022685869.2	16446	XP_022541590.2	810
103026560	Astyanax mexicanus	mtss1lb	XM_022685872.2	16359	XP_022541593.2	781
103026560	Astyanax mexicanus	mtss1lb	XM_049470954.1	16294	XP_049326911.1	760
103026560	Astyanax mexicanus	mtss1lb	XM_022685874.2	16207	XP_022541595.2	731
105526421	Colobus angolensis palliatus	MTSS2	XM_011962427.1	2396	XP_011817817.1	691
108501868	Lepidothrix coronata	MTSS2	XM_017824156.1	2312	XP_017679645.1	699
108501868	Lepidothrix coronata	MTSS2	XM_017824154.1	2396	XP_017679643.1	727
108501868	Lepidothrix coronata	MTSS2	XM_017824153.1	2399	XP_017679642.1	728
108501868	Lepidothrix coronata	MTSS2	XM_017824155.1	2324	XP_017679644.1	703
108501868	Lepidothrix coronata	MTSS2	XM_017824152.1	2405	XP_017679641.1	730
108501868	Lepidothrix coronata	MTSS2	XM_017824151.1	2405	XP_017679640.1	730
108501868	Lepidothrix coronata	MTSS2	XM_017824150.1	2408	XP_017679639.1	731
113484554	Athene cunicularia	MTSS2	XM_026856975.1	2289	XP_026712776.1	656
116644555	Phoca vitulina	MTSS2	XM_032424219.1	4667	XP_032280110.1	742
116644555	Phoca vitulina	MTSS2	XM_032424221.1	4571	XP_032280112.1	710
116644555	Phoca vitulina	MTSS2	XM_032424220.1	4658	XP_032280111.1	739
116644555	Phoca vitulina	MTSS2	XM_032424222.1	4562	XP_032280113.1	707
117811004	Notolabrus celidotus	mtss1lb	XM_034681033.1	12943	XP_034536924.1	865
118691172	Molothrus ater	MTSS2	XM_054516127.1	3988	XP_054372102.1	741
118691172	Molothrus ater	MTSS2	XM_036390264.2	3997	XP_036246157.1	744
118691172	Molothrus ater	MTSS2	XM_054516128.1	3984	XP_054372103.1	740
118691172	Molothrus ater	MTSS2	XM_054516131.1	3984	XP_054372106.1	740
118691172	Molothrus ater	MTSS2	XM_054516126.1	3987	XP_054372101.1	741
118691172	Molothrus ater	MTSS2	XM_054516130.1	3987	XP_054372105.1	741
118691172	Molothrus ater	MTSS2	XM_054516125.1	3990	XP_054372100.1	742
118691172	Molothrus ater	MTSS2	XM_036390267.2	3915	XP_036246160.1	717
118691172	Molothrus ater	MTSS2	XM_036390266.2	3993	XP_036246159.1	743
118691172	Molothrus ater	MTSS2	XM_036390262.2	3996	XP_036246155.1	744
118691172	Molothrus ater	MTSS2	XM_036390263.2	3996	XP_036246156.1	744
118691172	Molothrus ater	MTSS2	XM_036390260.2	3999	XP_036246153.1	745
118691172	Molothrus ater	MTSS2	XM_054516129.1	3899	XP_054372104.1	712
118691172	Molothrus ater	MTSS2	XM_036390265.2	3992	XP_036246158.1	743
120593964	Pteropus medius	MTSS2	XM_039852048.1	5051	XP_039707982.1	746
120593964	Pteropus medius	MTSS2	XM_039852046.1	4930	XP_039707980.1	755
120593964	Pteropus medius	MTSS2	XM_039852045.1	5004	XP_039707979.1	780
120593964	Pteropus medius	MTSS2	XM_039852047.1	4908	XP_039707981.1	748
120593964	Pteropus medius	MTSS2	XM_039852050.1	4804	XP_039707984.1	714
120593964	Pteropus medius	MTSS2	XM_039852052.1	4816	XP_039707986.1	718
120593964	Pteropus medius	MTSS2	XM_039852049.1	4890	XP_039707983.1	743
120593964	Pteropus medius	MTSS2	XM_039852051.1	4794	XP_039707985.1	711
120872863	Oryx dammah	MTSS2	XM_040253535.1	4571	XP_040109469.1	716
120872863	Oryx dammah	MTSS2	XM_040253534.1	4580	XP_040109468.1	719
121325526	Polyodon spathula	mtss1lb	XM_041268094.1	3747	XP_041124028.1	804
121325526	Polyodon spathula	mtss1lb	XM_041268091.1	4054	XP_041124025.1	737
121325526	Polyodon spathula	mtss1lb	XM_041268090.1	4063	XP_041124024.1	740
121325526	Polyodon spathula	mtss1lb	XM_041268092.1	4008	XP_041124026.1	722
121325526	Polyodon spathula	mtss1lb	XM_041268089.1	4095	XP_041124023.1	751
121325526	Polyodon spathula	mtss1lb	XM_041268087.1	4140	XP_041124021.1	766
121325526	Polyodon spathula	mtss1lb	XM_041268088.1	4104	XP_041124022.1	754
121325526	Polyodon spathula	mtss1lb	XM_041268086.1	4149	XP_041124020.1	769
121325526	Polyodon spathula	mtss1lb	XM_041268093.1	3926	XP_041124027.1	695
124250699	Equus quagga	MTSS2	XM_046682817.1	3169	XP_046538773.1	746
124250699	Equus quagga	MTSS2	XM_046682819.1	3073	XP_046538775.1	714
124250699	Equus quagga	MTSS2	XM_046682818.1	3160	XP_046538774.1	743
124250699	Equus quagga	MTSS2	XM_046682821.1	3064	XP_046538777.1	711
125265154	Megalobrama amblycephala	mtss1lb	XM_048185210.1	2971	XP_048041167.1	797
125265154	Megalobrama amblycephala	mtss1lb	XM_048185211.1	2961	XP_048041168.1	794
125265154	Megalobrama amblycephala	mtss1lb	XM_048185212.1	2882	XP_048041169.1	768
125265154	Megalobrama amblycephala	mtss1lb	XM_048185213.1	2873	XP_048041170.1	765
125265154	Megalobrama amblycephala	mtss1lb	XM_048185214.1	2818	XP_048041171.1	747
125265154	Megalobrama amblycephala	mtss1lb	XM_048185215.1	2720	XP_048041172.1	715
127515727	Ctenopharyngodon idella	mtss1lb	XM_051899671.1	7656	XP_051755631.1	797
127515727	Ctenopharyngodon idella	mtss1lb	XM_051899672.1	7646	XP_051755632.1	794
127515727	Ctenopharyngodon idella	mtss1lb	XM_051899673.1	7568	XP_051755633.1	768
127515727	Ctenopharyngodon idella	mtss1lb	XM_051899675.1	7558	XP_051755635.1	765
127515727	Ctenopharyngodon idella	mtss1lb	XM_051899676.1	7504	XP_051755636.1	747
127515727	Ctenopharyngodon idella	mtss1lb	XM_051899677.1	7405	XP_051755637.1	715
128812917	Vidua macroura	MTSS2	XM_053987593.1	3790	XP_053843568.1	714
128812917	Vidua macroura	MTSS2	XM_053987590.1	3801	XP_053843565.1	718
128812917	Vidua macroura	MTSS2	XM_053987591.1	3791	XP_053843566.1	715
128812917	Vidua macroura	MTSS2	XM_053987589.1	3862	XP_053843564.1	739
128812917	Vidua macroura	MTSS2	XM_053987587.1	3871	XP_053843562.1	742
128812917	Vidua macroura	MTSS2	XM_053987594.1	3780	XP_053843569.1	712
128812917	Vidua macroura	MTSS2	XM_053987588.1	3864	XP_053843563.1	740
128812917	Vidua macroura	MTSS2	XM_053987592.1	3789	XP_053843567.1	715
128812917	Vidua macroura	MTSS2	XM_053987585.1	3873	XP_053843560.1	743
133980819	Scomber scombrus	mtss1lb	XM_062419630.1	2429	XP_062275614.1	800
134504145	Candoia aspera	MTSS2	XM_063313187.1	2580	XP_063169257.1	734
134504145	Candoia aspera	MTSS2	XM_063313191.1	2505	XP_063169261.1	709
134504145	Candoia aspera	MTSS2	XM_063313193.1	2328	XP_063169263.1	650
134504145	Candoia aspera	MTSS2	XM_063313188.1	2571	XP_063169258.1	731
134504145	Candoia aspera	MTSS2	XM_063313189.1	2516	XP_063169259.1	713
134504145	Candoia aspera	MTSS2	XM_063313190.1	2507	XP_063169260.1	710
134504145	Candoia aspera	MTSS2	XM_063313192.1	2421	XP_063169262.1	651
134515310	Chroicocephalus ridibundus	MTSS2	XM_063334143.1	2622	XP_063190213.1	712
134515310	Chroicocephalus ridibundus	MTSS2	XM_063334142.1	2700	XP_063190212.1	739
134515310	Chroicocephalus ridibundus	MTSS2	XM_063334141.1	2699	XP_063190211.1	740
137861654	Anas acuta	MTSS2	XM_068692999.1	4150	XP_068549100.1	752
137861654	Anas acuta	MTSS2	XM_068693000.1	4147	XP_068549101.1	751
137861654	Anas acuta	MTSS2	XM_068693002.1	4141	XP_068549103.1	749
137861654	Anas acuta	MTSS2	XM_068693003.1	4138	XP_068549104.1	748
138829741	Dipodomys merriami	Mtss2	XM_070026255.1	4259	XP_069882356.1	748
138829741	Dipodomys merriami	Mtss2	XM_070026256.1	4163	XP_069882357.1	716
138829741	Dipodomys merriami	Mtss2	XM_070026258.1	3945	XP_069882359.1	686
139201565	Pempheris klunzingeri	mtss1lb	XM_070830959.1	2406	XP_070687060.1	801
521855	Bos taurus	MTSS2	XM_024978875.2	4913	XP_024834643.1	737
521855	Bos taurus	MTSS2	XM_024978878.2	4817	XP_024834646.1	705
101094149	Felis catus	MTSS2	XM_023245580.2	4693	XP_023101348.1	738
101094149	Felis catus	MTSS2	XM_023245582.2	4618	XP_023101350.1	713
101094149	Felis catus	MTSS2	XM_023245583.2	4597	XP_023101351.1	706
101094149	Felis catus	MTSS2	XM_023245581.2	4684	XP_023101349.1	735
101094149	Felis catus	MTSS2	XM_045047242.1	4609	XP_044903177.1	710
101094149	Felis catus	MTSS2	XM_023245584.2	4588	XP_023101352.1	703
101993579	Microtus ochrogaster	Mtss2	XM_013354727.2	4851	XP_013210181.1	747
101993579	Microtus ochrogaster	Mtss2	XM_005345675.3	4859	XP_005345732.1	750
101993579	Microtus ochrogaster	Mtss2	XM_005345676.3	4753	XP_005345733.1	715
101993579	Microtus ochrogaster	Mtss2	XM_013354728.2	4762	XP_013210182.1	718
102378601	Alligator sinensis	MTSS2	XM_025199781.1	4722	XP_025055566.1	754
102378601	Alligator sinensis	MTSS2	XM_025199780.1	4725	XP_025055565.1	755
102378601	Alligator sinensis	MTSS2	XM_025199779.1	4731	XP_025055564.1	757
102378601	Alligator sinensis	MTSS2	XM_025199777.1	4734	XP_025055562.1	758
102378601	Alligator sinensis	MTSS2	XM_025199786.1	4601	XP_025055571.1	714
102378601	Alligator sinensis	MTSS2	XM_025199785.1	4604	XP_025055570.1	715
102378601	Alligator sinensis	MTSS2	XM_025199783.1	4649	XP_025055568.1	730
102378601	Alligator sinensis	MTSS2	XM_025199784.1	4613	XP_025055569.1	718
102378601	Alligator sinensis	MTSS2	XM_025199782.1	4688	XP_025055567.1	743
102378601	Alligator sinensis	MTSS2	XM_006020189.3	4594	XP_006020251.1	712
104677816	Rhinopithecus roxellana	MTSS2	XM_030925313.1	4880	XP_030781173.1	715
104677816	Rhinopithecus roxellana	MTSS2	XM_030925312.1	4901	XP_030781172.1	722
104677816	Rhinopithecus roxellana	MTSS2	XM_030925309.1	4976	XP_030781169.1	747
104677816	Rhinopithecus roxellana	MTSS2	XM_030925314.1	4864	XP_030781174.1	712
104677816	Rhinopithecus roxellana	MTSS2	XM_030925310.1	4960	XP_030781170.1	744
104677816	Rhinopithecus roxellana	MTSS2	XM_030925311.1	4847	XP_030781171.1	736
106823433	Equus asinus	MTSS2	XM_044761239.2	4432	XP_044617174.2	743
106823433	Equus asinus	MTSS2	XM_044761241.2	4336	XP_044617176.2	711
107524426	Miniopterus natalensis	MTSS2	XM_016196330.1	4648	XP_016051816.1	742
107524426	Miniopterus natalensis	MTSS2	XM_016196349.1	4573	XP_016051835.1	717
107524426	Miniopterus natalensis	MTSS2	XM_016196356.1	4552	XP_016051842.1	710
107524426	Miniopterus natalensis	MTSS2	XM_016196340.1	4639	XP_016051826.1	739
107524426	Miniopterus natalensis	MTSS2	XM_016196363.1	4543	XP_016051849.1	707
107524426	Miniopterus natalensis	MTSS2	XM_016196373.1	4530	XP_016051859.1	662
109104472	Cyprinus carpio	mtss1lb	XM_042728159.1	3655	XP_042584093.1	800
109104472	Cyprinus carpio	mtss1lb	XM_042728161.1	3567	XP_042584095.1	771
109104472	Cyprinus carpio	mtss1lb	XM_042728160.1	3576	XP_042584094.1	774
109104472	Cyprinus carpio	mtss1lb	XM_042728158.1	3663	XP_042584092.1	803
109104472	Cyprinus carpio	mtss1lb	XM_042728163.1	3413	XP_042584097.1	721
109104472	Cyprinus carpio	mtss1lb	XM_042728162.1	3509	XP_042584096.1	753
111219767	Seriola dumerili	mtss1lb	XM_022742542.1	2870	XP_022598263.1	816
111219767	Seriola dumerili	mtss1lb	XM_022742551.1	2867	XP_022598272.1	815
111219767	Seriola dumerili	mtss1lb	XM_022742561.1	2861	XP_022598282.1	813
111672242	Seriola lalandi dorsalis	mtss1lb	XM_023429612.1	3261	XP_023285380.1	816
114039945	Vombatus ursinus	MTSS2	XM_027857882.1	3593	XP_027713683.1	745
114039945	Vombatus ursinus	MTSS2	XM_027857886.1	3518	XP_027713687.1	720
114039945	Vombatus ursinus	MTSS2	XM_027857883.1	3590	XP_027713684.1	744
114039945	Vombatus ursinus	MTSS2	XM_027857889.1	3509	XP_027713690.1	717
114039945	Vombatus ursinus	MTSS2	XM_027857884.1	3584	XP_027713685.1	742
114039945	Vombatus ursinus	MTSS2	XM_027857888.1	3509	XP_027713689.1	717
114039945	Vombatus ursinus	MTSS2	XM_027857885.1	3581	XP_027713686.1	741
114039945	Vombatus ursinus	MTSS2	XM_027857890.1	3506	XP_027713691.1	716
114039945	Vombatus ursinus	MTSS2	XM_027857891.1	3500	XP_027713692.1	714
117308926	Tursiops truncatus	MTSS2	XM_033843999.1	4727	XP_033699890.1	715
117308926	Tursiops truncatus	MTSS2	XM_033843997.1	4823	XP_033699888.1	747
117308926	Tursiops truncatus	MTSS2	XM_033843998.1	4736	XP_033699889.1	718
117308926	Tursiops truncatus	MTSS2	XM_033843996.1	4832	XP_033699887.1	750
117308926	Tursiops truncatus	MTSS2	XM_033844000.1	2915	XP_033699891.1	602
117722972	Arvicanthis niloticus	Mtss2	XM_034522302.1	4850	XP_034378193.1	715
117722972	Arvicanthis niloticus	Mtss2	XM_034522299.1	2766	XP_034378190.1	750
117722972	Arvicanthis niloticus	Mtss2	XM_034522300.1	2562	XP_034378191.1	748
117722972	Arvicanthis niloticus	Mtss2	XM_034522298.1	2570	XP_034378189.1	751
117722972	Arvicanthis niloticus	Mtss2	XM_034522301.1	2471	XP_034378192.1	719
117722972	Arvicanthis niloticus	Mtss2	XM_034522303.1	2244	XP_034378194.1	671
117942127	Etheostoma cragini	mtss1lb	XM_034867456.1	3517	XP_034723347.1	853
117942127	Etheostoma cragini	mtss1lb	XM_034867488.1	3367	XP_034723379.1	803
117942127	Etheostoma cragini	mtss1lb	XM_034867472.1	3379	XP_034723363.1	807
117942127	Etheostoma cragini	mtss1lb	XM_034867505.1	3229	XP_034723396.1	757
117942127	Etheostoma cragini	mtss1lb	XM_034867465.1	3508	XP_034723356.1	850
117942127	Etheostoma cragini	mtss1lb	XM_034867512.1	3358	XP_034723403.1	800
117942127	Etheostoma cragini	mtss1lb	XM_034867480.1	3370	XP_034723371.1	804
117942127	Etheostoma cragini	mtss1lb	XM_034867495.1	3381	XP_034723386.1	795
120025243	Salvelinus namaycush	mtss1lb	XM_038969724.1	7793	XP_038825652.1	748
120025243	Salvelinus namaycush	mtss1lb	XM_038969726.1	7616	XP_038825654.1	689
120025243	Salvelinus namaycush	mtss1lb	XM_038969725.1	7706	XP_038825653.1	719
121280364	Carcharodon carcharias	mtss1lb	XM_041192299.1	5440	XP_041048233.1	709
121280364	Carcharodon carcharias	mtss1lb	XM_041192293.1	5560	XP_041048227.1	749
121280364	Carcharodon carcharias	mtss1lb	XM_041192290.1	5569	XP_041048224.1	752
121280364	Carcharodon carcharias	mtss1lb	XM_041192297.1	5443	XP_041048231.1	710
121280364	Carcharodon carcharias	mtss1lb	XM_041192296.1	5452	XP_041048230.1	713
121280364	Carcharodon carcharias	mtss1lb	XM_041192291.1	5569	XP_041048225.1	752
121280364	Carcharodon carcharias	mtss1lb	XM_041192295.1	5518	XP_041048229.1	735
121280364	Carcharodon carcharias	mtss1lb	XM_041192294.1	5527	XP_041048228.1	738
121280364	Carcharodon carcharias	mtss1lb	XM_041192292.1	5563	XP_041048226.1	750
121280364	Carcharodon carcharias	mtss1lb	XM_041192289.1	5572	XP_041048223.1	753
122348689	Puntigrus tetrazona	mtss1lb	XM_043244433.1	4120	XP_043100368.1	750
122348689	Puntigrus tetrazona	mtss1lb	XM_043244432.1	4129	XP_043100367.1	753
122348689	Puntigrus tetrazona	mtss1lb	XM_043244435.1	4032	XP_043100370.1	721
122348689	Puntigrus tetrazona	mtss1lb	XM_043244434.1	4041	XP_043100369.1	724
128419086	Podarcis raffonei	MTSS2	XM_053399414.1	2737	XP_053255389.1	734
128419086	Podarcis raffonei	MTSS2	XM_053399416.1	2671	XP_053255391.1	712
128419086	Podarcis raffonei	MTSS2	XM_053399418.1	2662	XP_053255393.1	709
128419086	Podarcis raffonei	MTSS2	XM_053399415.1	2727	XP_053255390.1	731
128419086	Podarcis raffonei	MTSS2	XM_053399417.1	2661	XP_053255392.1	709
128419086	Podarcis raffonei	MTSS2	XM_053399419.1	2269	XP_053255394.1	672
132217373	Myotis daubentonii	MTSS2	XM_059667497.1	4648	XP_059523480.1	714
132217373	Myotis daubentonii	MTSS2	XM_059667498.1	4626	XP_059523481.1	707
132217373	Myotis daubentonii	MTSS2	XM_059667496.1	4722	XP_059523479.1	739
132318291	Gavia stellata	MTSS2	XM_059825083.1	2139	XP_059681066.1	712
134557529	Prinia subflava	MTSS2	XM_063410619.1	3845	XP_063266689.1	743
134557529	Prinia subflava	MTSS2	XM_063410624.1	3835	XP_063266694.1	740
134557529	Prinia subflava	MTSS2	XM_063410627.1	3763	XP_063266697.1	716
134557529	Prinia subflava	MTSS2	XM_063410621.1	3841	XP_063266691.1	742
134557529	Prinia subflava	MTSS2	XM_063410617.1	3847	XP_063266687.1	744
134557529	Prinia subflava	MTSS2	XM_063410625.1	3831	XP_063266695.1	739
134557529	Prinia subflava	MTSS2	XM_063410622.1	3837	XP_063266692.1	741
134557529	Prinia subflava	MTSS2	XM_063410618.1	3842	XP_063266688.1	743
134557529	Prinia subflava	MTSS2	XM_063410630.1	3748	XP_063266700.1	712
134557529	Prinia subflava	MTSS2	XM_063410629.1	3754	XP_063266699.1	714
134557529	Prinia subflava	MTSS2	XM_063410623.1	3832	XP_063266693.1	740
134557529	Prinia subflava	MTSS2	XM_063410626.1	3766	XP_063266696.1	718
134557529	Prinia subflava	MTSS2	XM_063410628.1	3756	XP_063266698.1	715
134578890	Pelobates fuscus	MTSS2	XM_063437974.1	4864	XP_063294044.1	732
134578890	Pelobates fuscus	MTSS2	XM_063437975.1	4792	XP_063294045.1	708
135452593	Zonotrichia leucophrys gambelii	MTSS2	XM_064722844.1	3881	XP_064578914.1	744
135452593	Zonotrichia leucophrys gambelii	MTSS2	XM_064722846.1	3878	XP_064578916.1	743
135452593	Zonotrichia leucophrys gambelii	MTSS2	XM_064722850.1	3797	XP_064578920.1	716
135452593	Zonotrichia leucophrys gambelii	MTSS2	XM_064722847.1	3872	XP_064578917.1	741
135452593	Zonotrichia leucophrys gambelii	MTSS2	XM_064722849.1	3869	XP_064578919.1	740
135452593	Zonotrichia leucophrys gambelii	MTSS2	XM_064722853.1	3866	XP_064578923.1	739
135452593	Zonotrichia leucophrys gambelii	MTSS2	XM_064722845.1	3877	XP_064578915.1	743
135452593	Zonotrichia leucophrys gambelii	MTSS2	XM_064722852.1	3868	XP_064578922.1	740
135452593	Zonotrichia leucophrys gambelii	MTSS2	XM_064722851.1	3784	XP_064578921.1	712
136046725	Cyrtonyx montezumae	MTSS2	XM_065733427.1	3056	XP_065589499.1	735
136046725	Cyrtonyx montezumae	MTSS2	XM_065733428.1	3053	XP_065589500.1	734
136046725	Cyrtonyx montezumae	MTSS2	XM_065733431.1	2972	XP_065589503.1	707
136046725	Cyrtonyx montezumae	MTSS2	XM_065733429.1	3047	XP_065589501.1	732
136046725	Cyrtonyx montezumae	MTSS2	XM_065733430.1	3044	XP_065589502.1	731
136046725	Cyrtonyx montezumae	MTSS2	XM_065733432.1	2962	XP_065589504.1	704
137215597	Pseudorca crassidens	MTSS2	XM_067721021.1	5184	XP_067577122.1	814
137215597	Pseudorca crassidens	MTSS2	XM_067721022.1	5088	XP_067577123.1	782
137215597	Pseudorca crassidens	MTSS2	XM_067721023.1	4972	XP_067577124.1	747
137215597	Pseudorca crassidens	MTSS2	XM_067721024.1	4876	XP_067577125.1	715
137215597	Pseudorca crassidens	MTSS2	XM_067721026.1	4666	XP_067577127.1	669
139677730	Pithys albifrons albifrons	MTSS2	XM_071567966.1	3855	XP_071424067.1	714
139677730	Pithys albifrons albifrons	MTSS2	XM_071567961.1	3933	XP_071424062.1	740
139677730	Pithys albifrons albifrons	MTSS2	XM_071567965.1	3858	XP_071424066.1	715
139677730	Pithys albifrons albifrons	MTSS2	XM_071567959.1	3936	XP_071424060.1	741
139677730	Pithys albifrons albifrons	MTSS2	XM_071567964.1	3861	XP_071424065.1	716
139677730	Pithys albifrons albifrons	MTSS2	XM_071567957.1	3942	XP_071424058.1	743
139677730	Pithys albifrons albifrons	MTSS2	XM_071567963.1	3867	XP_071424064.1	718
139677730	Pithys albifrons albifrons	MTSS2	XM_071567955.1	3945	XP_071424056.1	744
139677730	Pithys albifrons albifrons	MTSS2	XM_071567967.1	3848	XP_071424068.1	712
139677730	Pithys albifrons albifrons	MTSS2	XM_071567962.1	3929	XP_071424063.1	739
139677730	Pithys albifrons albifrons	MTSS2	XM_071567960.1	3932	XP_071424061.1	740
139677730	Pithys albifrons albifrons	MTSS2	XM_071567958.1	3938	XP_071424059.1	742
139677730	Pithys albifrons albifrons	MTSS2	XM_071567956.1	3941	XP_071424057.1	743
100969844	Pan paniscus	MTSS2	XM_063597738.1	4877	XP_063453808.1	744
100969844	Pan paniscus	MTSS2	XM_055099281.2	4906	XP_054955256.2	754
100969844	Pan paniscus	MTSS2	XM_055099282.2	4810	XP_054955257.2	722
100969844	Pan paniscus	MTSS2	XM_055099283.2	4986	XP_054955258.2	779
100969844	Pan paniscus	MTSS2	XM_063597739.1	4890	XP_063453809.1	747
100969844	Pan paniscus	MTSS2	XM_055099284.2	4431	XP_054955259.2	609
101818002	Ficedula albicollis	MTSS2	XM_005052492.2	2397	XP_005052549.1	745
101818002	Ficedula albicollis	MTSS2	XM_005052494.2	2394	XP_005052551.1	744
101818002	Ficedula albicollis	MTSS2	XM_005052493.2	2394	XP_005052550.1	744
101818002	Ficedula albicollis	MTSS2	XM_016301222.1	2391	XP_016156708.1	743
101818002	Ficedula albicollis	MTSS2	XM_005052497.2	2319	XP_005052554.1	719
101818002	Ficedula albicollis	MTSS2	XM_005052495.2	2394	XP_005052552.1	744
101818002	Ficedula albicollis	MTSS2	XM_005052498.2	2313	XP_005052555.1	717
101818002	Ficedula albicollis	MTSS2	XM_005052496.2	2388	XP_005052553.1	742
101818002	Ficedula albicollis	MTSS2	XM_016301223.1	2385	XP_016156709.1	741
101818002	Ficedula albicollis	MTSS2	XM_016301224.1	2382	XP_016156710.1	740
101818002	Ficedula albicollis	MTSS2	XM_005052499.2	2298	XP_005052556.1	712
105537258	Mandrillus leucophaeus	MTSS2	XM_011976821.1	2241	XP_011832211.1	600
107210051	Parus major	MTSS2	XM_015640393.3	2496	XP_015495879.1	745
107210051	Parus major	MTSS2	XM_015640394.2	2493	XP_015495880.1	744
107210051	Parus major	MTSS2	XM_015640395.2	2493	XP_015495881.1	744
107210051	Parus major	MTSS2	XM_015640397.2	2490	XP_015495883.1	743
107210051	Parus major	MTSS2	XM_015640400.3	2418	XP_015495886.1	719
107210051	Parus major	MTSS2	XM_033517214.1	2415	XP_033373105.1	718
107210051	Parus major	MTSS2	XM_015640396.3	2493	XP_015495882.1	744
107210051	Parus major	MTSS2	XM_033517211.1	2490	XP_033373102.1	743
107210051	Parus major	MTSS2	XM_015640402.3	2412	XP_015495888.1	717
107210051	Parus major	MTSS2	XM_015640398.3	2487	XP_015495884.1	742
107210051	Parus major	MTSS2	XM_015640399.3	2484	XP_015495885.1	741
107210051	Parus major	MTSS2	XM_033517215.1	2406	XP_033373106.1	715
107210051	Parus major	MTSS2	XM_033517212.1	2484	XP_033373103.1	741
107210051	Parus major	MTSS2	XM_033517213.1	2481	XP_033373104.1	740
107210051	Parus major	MTSS2	XM_033517216.1	2403	XP_033373107.1	714
107210051	Parus major	MTSS2	XM_015640403.2	2397	XP_015495889.1	712
107210051	Parus major	MTSS2	XM_033517217.1	3196	XP_033373108.1	683
108897680	Lates calcarifer	mtss1lb	XM_051076290.1	12396	XP_050932247.1	817
108897680	Lates calcarifer	mtss1lb	XM_051076287.1	12528	XP_050932244.1	861
108897680	Lates calcarifer	mtss1lb	XM_018697412.2	12531	XP_018552928.1	862
108897680	Lates calcarifer	mtss1lb	XM_018697416.2	12374	XP_018552932.1	810
108897680	Lates calcarifer	mtss1lb	XM_051076292.1	11743	XP_050932249.1	776
109999539	Labrus bergylta	mtss1lb	XM_065952495.1	12802	XP_065808567.1	819
109999539	Labrus bergylta	mtss1lb	XM_065952494.1	12939	XP_065808566.1	865
109999539	Labrus bergylta	mtss1lb	XM_065952496.1	12780	XP_065808568.1	813
113540874	Pangasianodon hypophthalmus	mtss1lb	XM_026937508.3	9150	XP_026793309.3	763
113540874	Pangasianodon hypophthalmus	mtss1lb	XM_026937506.3	9237	XP_026793307.3	792
113540874	Pangasianodon hypophthalmus	mtss1lb	XM_053229368.1	9086	XP_053085343.1	742
113540874	Pangasianodon hypophthalmus	mtss1lb	XM_026937510.3	8998	XP_026793311.3	713
113844839	Anas platyrhynchos	MTSS2	XM_038185538.2	3905	XP_038041466.2	747
113844839	Anas platyrhynchos	MTSS2	XM_038185537.2	3907	XP_038041465.2	748
115438387	Sphaeramia orbicularis	mtss1lb	XM_030161981.1	7371	XP_030017841.1	864
115601233	Strigops habroptila	MTSS2	XM_030470924.1	1514	XP_030326784.1	287
116043758	Sander lucioperca	mtss1lb	XR_004896935.1	6942		
116043758	Sander lucioperca	mtss1lb	XR_004896933.1	6931		
116043758	Sander lucioperca	mtss1lb	XR_004896931.1	7069		
116043758	Sander lucioperca	mtss1lb	XR_004896932.1	6940		
116043758	Sander lucioperca	mtss1lb	XR_004896930.1	7078		
116043758	Sander lucioperca	mtss1lb	XR_004896937.1	6918		
116043758	Sander lucioperca	mtss1lb	XR_004896934.1	6927		
116043758	Sander lucioperca	mtss1lb	XR_004896936.1	6788		
116043758	Sander lucioperca	mtss1lb	XM_031290659.2	7113	XP_031146519.1	861
116743424	Phocoena sinus	MTSS2	XM_032611800.1	5002	XP_032467691.1	750
116743424	Phocoena sinus	MTSS2	XM_032611802.1	4838	XP_032467693.1	718
116743424	Phocoena sinus	MTSS2	XM_032611801.1	4925	XP_032467692.1	747
116743424	Phocoena sinus	MTSS2	XM_032611803.1	4829	XP_032467694.1	715
117001434	Catharus ustulatus	MTSS2	XM_033069792.1	2435	XP_032925683.1	715
117001434	Catharus ustulatus	MTSS2	XM_033069791.1	2441	XP_032925682.1	717
117001434	Catharus ustulatus	MTSS2	XM_033069790.1	2519	XP_032925681.1	743
117001434	Catharus ustulatus	MTSS2	XM_033069793.1	2519	XP_032925684.1	743
117001434	Catharus ustulatus	MTSS2	XM_033069788.1	2522	XP_032925679.1	744
117001434	Catharus ustulatus	MTSS2	XM_033069789.1	2519	XP_032925680.1	743
117001434	Catharus ustulatus	MTSS2	XM_033069786.1	2522	XP_032925677.1	744
117001434	Catharus ustulatus	MTSS2	XM_033069787.1	2522	XP_032925678.1	744
117001434	Catharus ustulatus	MTSS2	XM_033069785.1	2525	XP_032925676.1	745
125358203	Perognathus longimembris pacificus	Mtss2	XM_048355146.1	4588	XP_048211103.1	749
127167918	Labeo rohita	mtss1lb	XM_051114334.1	8196	XP_050970291.1	750
127167918	Labeo rohita	mtss1lb	XM_051114335.1	8108	XP_050970292.1	721
128461903	Pleuronectes platessa	mtss1lb	XM_053447111.1	10193	XP_053303086.1	809
130602370	Pezoporus wallicus	MTSS2	XM_057415177.1	2055	XP_057271160.1	606
130602370	Pezoporus wallicus	MTSS2	XM_057415170.1	2685	XP_057271153.1	802
130602370	Pezoporus wallicus	MTSS2	XM_057415169.1	2757	XP_057271152.1	826
130602370	Pezoporus wallicus	MTSS2	XM_057415168.1	2759	XP_057271151.1	827
130602370	Pezoporus wallicus	MTSS2	XM_057415176.1	2420	XP_057271159.1	714
130602370	Pezoporus wallicus	MTSS2	XM_057415171.1	2506	XP_057271154.1	743
130602370	Pezoporus wallicus	MTSS2	XM_057415172.1	2497	XP_057271155.1	740
130602370	Pezoporus wallicus	MTSS2	XM_057415174.1	2422	XP_057271157.1	715
130602370	Pezoporus wallicus	MTSS2	XM_057415173.1	2494	XP_057271156.1	739
132838513	Tachysurus vachellii	mtss1lb	XM_060858863.1	9153	XP_060714846.1	791
132838513	Tachysurus vachellii	mtss1lb	XM_060858864.1	6226	XP_060714847.1	791
132838513	Tachysurus vachellii	mtss1lb	XM_060858865.1	9066	XP_060714848.1	762
132838513	Tachysurus vachellii	mtss1lb	XM_060858866.1	9002	XP_060714849.1	741
132838513	Tachysurus vachellii	mtss1lb	XM_060858867.1	8915	XP_060714850.1	712
133497543	Syngnathoides biaculeatus	mtss1lb	XM_061813519.1	4145	XP_061669503.1	839
133497543	Syngnathoides biaculeatus	mtss1lb	XM_061813520.1	4142	XP_061669504.1	838
133497543	Syngnathoides biaculeatus	mtss1lb	XM_061813522.1	3998	XP_061669506.1	790
133497543	Syngnathoides biaculeatus	mtss1lb	XM_061813524.1	3971	XP_061669508.1	781
133497543	Syngnathoides biaculeatus	mtss1lb	XM_061813521.1	4111	XP_061669505.1	815
133497543	Syngnathoides biaculeatus	mtss1lb	XM_061813525.1	5531	XP_061669509.1	753
135575361	Columba livia	MTSS2	XM_065028982.1	4152	XP_064885054.1	739
135575361	Columba livia	MTSS2	XM_065028981.1	4155	XP_064885053.1	740
135575361	Columba livia	MTSS2	XM_065028983.1	4080	XP_064885055.1	715
135575361	Columba livia	MTSS2	XM_065028980.1	4161	XP_064885052.1	742
135575361	Columba livia	MTSS2	XM_065028979.1	4164	XP_064885051.1	743
135575361	Columba livia	MTSS2	XM_065028984.1	4070	XP_064885056.1	712
135991832	Caloenas nicobarica	MTSS2	XM_065640602.1	2982	XP_065496674.1	743
137187395	Thunnus thynnus	mtss1lb	XM_067596253.1	12291	XP_067452354.1	861
137187395	Thunnus thynnus	mtss1lb	XM_067596268.1	12150	XP_067452369.1	814
137187395	Thunnus thynnus	mtss1lb	XM_067596276.1	12134	XP_067452377.1	809
137187395	Thunnus thynnus	mtss1lb	XM_067596260.1	12152	XP_067452361.1	815
137187395	Thunnus thynnus	mtss1lb	XM_067596293.1	11992	XP_067452394.1	762
137187395	Thunnus thynnus	mtss1lb	XM_067596285.1	11479	XP_067452386.1	775
139323390	Pituophis catenifer annectens	MTSS2	XM_070952721.1	2624	XP_070808822.1	710
139627574	Trachinotus anak	mtss1lb	XM_071488437.1	12140	XP_071344538.1	817
139627574	Trachinotus anak	mtss1lb	XM_071488438.1	12125	XP_071344539.1	812
139627574	Trachinotus anak	mtss1lb	XM_071488436.1	12281	XP_071344537.1	864
140380992	Eucyclogobius newberryi	mtss1lb	XM_072464990.1	2593	XP_072321091.1	793
140380992	Eucyclogobius newberryi	mtss1lb	XM_072464989.1	2749	XP_072321090.1	845
100558899	Anolis carolinensis	mtss2	XM_062961681.1	6053	XP_062817751.1	743
100558899	Anolis carolinensis	mtss2	XM_062961680.1	6059	XP_062817750.1	745
100558899	Anolis carolinensis	mtss2	XM_062961678.1	6128	XP_062817748.1	768
101114381	Ovis aries	MTSS2	XM_042231443.2	4937	XP_042087377.1	769
101114381	Ovis aries	MTSS2	XM_042231445.2	4841	XP_042087379.1	737
101114381	Ovis aries	MTSS2	XM_060398219.1	4766	XP_060254202.1	712
101114381	Ovis aries	MTSS2	XM_060398218.1	4841	XP_060254201.1	737
101114381	Ovis aries	MTSS2	XM_042231446.2	4745	XP_042087380.1	705
101341115	Trichechus manatus latirostris	MTSS2	XM_004387796.1	2244	XP_004387853.1	747
102492572	Tupaia chinensis	MTSS1L	XM_006152744.3	1716	XP_006152806.1	559
103054368	Python bivittatus	MTSS2	XM_025173317.1	4035	XP_025029085.1	723
103054368	Python bivittatus	MTSS2	XM_025173320.1	3996	XP_025029088.1	710
103054368	Python bivittatus	MTSS2	XM_025173322.1	3819	XP_025029090.1	651
103054368	Python bivittatus	MTSS2	XM_007438425.3	3951	XP_007438487.1	695
103054368	Python bivittatus	MTSS2	XM_007438426.3	3876	XP_007438488.1	670
103054368	Python bivittatus	MTSS2	XM_025173323.1	3699	XP_025029091.1	611
103054368	Python bivittatus	MTSS2	XM_025173319.1	4026	XP_025029087.1	720
103054368	Python bivittatus	MTSS2	XM_025173321.1	3942	XP_025029089.1	692
103054368	Python bivittatus	MTSS2	XM_025173318.1	3900	XP_025029086.1	723
107696654	Sinocyclocheilus anshuiensis	mtss1lb	XM_016497106.1	3898	XP_016352592.1	753
107696654	Sinocyclocheilus anshuiensis	mtss1lb	XM_016497108.1	3811	XP_016352594.1	724
107696654	Sinocyclocheilus anshuiensis	mtss1lb	XM_016497107.1	3889	XP_016352593.1	750
107696654	Sinocyclocheilus anshuiensis	mtss1lb	XM_016497109.1	3802	XP_016352595.1	721
108294395	Cebus imitator	MTSS2	XM_017516262.2	4944	XP_017371751.1	747
108294395	Cebus imitator	MTSS2	XM_017516265.2	4833	XP_017371754.1	715
108294395	Cebus imitator	MTSS2	XM_017516263.2	4920	XP_017371752.1	744
108294395	Cebus imitator	MTSS2	XM_017516266.2	4824	XP_017371755.1	712
108294395	Cebus imitator	MTSS2	XM_037734151.1	4665	XP_037590079.1	700
109289672	Gavialis gangeticus	MTSS2	XM_019505826.1	7030	XP_019361371.1	743
110162593	Boleophthalmus pectinirostris	mtss1lb	XM_055154830.1	3253	XP_055010805.1	802
111179541	Delphinapterus leucas	MTSS2	XM_022583238.2	2687	XP_022438946.1	718
111179541	Delphinapterus leucas	MTSS2	XM_022583239.2	2677	XP_022438947.1	715
111179541	Delphinapterus leucas	MTSS2	XM_022583237.2	2772	XP_022438945.1	747
111179541	Delphinapterus leucas	MTSS2	XM_022583236.2	2781	XP_022438944.1	750
111179541	Delphinapterus leucas	MTSS2	XM_022583240.2	4174	XP_022438948.1	688
111179541	Delphinapterus leucas	MTSS2	XM_022583242.1	1986	XP_022438950.1	602
112975164	Apteryx rowi	MTSS2	XM_026084896.1	2618	XP_025940681.1	739
114601862	Podarcis muralis	MTSS2	XM_028739450.1	6437	XP_028595283.1	734
114601862	Podarcis muralis	MTSS2	XM_028739453.1	6371	XP_028595286.1	712
114601862	Podarcis muralis	MTSS2	XM_028739455.1	6362	XP_028595288.1	709
114601862	Podarcis muralis	MTSS2	XM_028739451.1	6428	XP_028595284.1	731
114601862	Podarcis muralis	MTSS2	XM_028739454.1	6362	XP_028595287.1	709
114601862	Podarcis muralis	MTSS2	XM_028739456.1	6375	XP_028595289.1	672
114886949	Monodon monoceros	MTSS2	XM_029208157.1	4412	XP_029063990.1	750
114886949	Monodon monoceros	MTSS2	XM_029208173.1	2918	XP_029064006.1	715
114886949	Monodon monoceros	MTSS2	XM_029208149.1	2870	XP_029063982.1	766
114886949	Monodon monoceros	MTSS2	XM_029208163.1	2783	XP_029063996.1	737
114886949	Monodon monoceros	MTSS2	XM_029208140.1	2879	XP_029063973.1	769
114886949	Monodon monoceros	MTSS2	XM_029208192.1	2602	XP_029064025.1	621
114886949	Monodon monoceros	MTSS2	XM_029208201.1	2509	XP_029064034.1	621
114886949	Monodon monoceros	MTSS2	XM_029208182.1	2829	XP_029064015.1	621
116946021	Petromyzon marinus	MTSS2	XM_032960817.1	6877	XP_032816708.1	948
116946021	Petromyzon marinus	MTSS2	XM_032960818.1	2979	XP_032816709.1	947
116946021	Petromyzon marinus	MTSS2	XM_032960828.1	2748	XP_032816719.1	870
116946021	Petromyzon marinus	MTSS2	XM_032960826.1	2901	XP_032816717.1	921
116946021	Petromyzon marinus	MTSS2	XM_032960827.1	2898	XP_032816718.1	920
116946021	Petromyzon marinus	MTSS2	XM_032960829.1	2667	XP_032816720.1	843
116946021	Petromyzon marinus	MTSS2	XM_032960820.1	2979	XP_032816711.1	947
116946021	Petromyzon marinus	MTSS2	XM_032960821.1	2970	XP_032816712.1	944
116946021	Petromyzon marinus	MTSS2	XM_032960822.1	2940	XP_032816713.1	934
116946021	Petromyzon marinus	MTSS2	XM_032960823.1	2937	XP_032816714.1	933
116946021	Petromyzon marinus	MTSS2	XM_032960824.1	2928	XP_032816715.1	930
116946021	Petromyzon marinus	MTSS2	XM_032960825.1	2925	XP_032816716.1	929
117034357	Rhinolophus ferrumequinum	MTSS2	XM_033127166.1	4961	XP_032983057.1	743
117034357	Rhinolophus ferrumequinum	MTSS2	XM_033127171.1	4718	XP_032983062.1	715
117034357	Rhinolophus ferrumequinum	MTSS2	XM_033127168.1	4697	XP_032983059.1	708
117034357	Rhinolophus ferrumequinum	MTSS2	XM_033127167.1	4792	XP_032983058.1	740
117034357	Rhinolophus ferrumequinum	MTSS2	XM_033127169.1	4821	XP_032983060.1	681
117034357	Rhinolophus ferrumequinum	MTSS2	XM_033127162.1	4909	XP_032983053.1	800
117034357	Rhinolophus ferrumequinum	MTSS2	XM_033127163.1	4859	XP_032983054.1	788
117034357	Rhinolophus ferrumequinum	MTSS2	XM_033127165.1	4837	XP_032983056.1	781
117034357	Rhinolophus ferrumequinum	MTSS2	XM_033127160.1	4931	XP_032983051.1	813
117034357	Rhinolophus ferrumequinum	MTSS2	XM_033127161.1	4922	XP_032983052.1	810
117034357	Rhinolophus ferrumequinum	MTSS2	XM_033127170.1	4565	XP_032983061.1	663
118583546	Onychomys torridus	Mtss2	XM_036186947.1	4728	XP_036042840.1	750
118583546	Onychomys torridus	Mtss2	XM_036186949.1	4448	XP_036042842.1	718
118583546	Onychomys torridus	Mtss2	XM_036186948.1	4535	XP_036042841.1	747
118583546	Onychomys torridus	Mtss2	XM_036186950.1	4439	XP_036042843.1	715
124379670	Silurus meridionalis	mtss1lb	XM_046840131.1	8476	XP_046696087.1	793
124379670	Silurus meridionalis	mtss1lb	XM_046840133.1	8389	XP_046696089.1	764
124379670	Silurus meridionalis	mtss1lb	XM_046840132.1	8467	XP_046696088.1	790
124379670	Silurus meridionalis	mtss1lb	XM_046840134.1	8380	XP_046696090.1	761
124379670	Silurus meridionalis	mtss1lb	XM_046840135.1	8325	XP_046696091.1	743
124379670	Silurus meridionalis	mtss1lb	XM_046840136.1	8228	XP_046696092.1	711
125005022	Mugil cephalus	mtss1lb	XM_047579922.1	11079	XP_047435878.1	818
125005022	Mugil cephalus	mtss1lb	XM_047579921.1	11205	XP_047435877.1	860
125005022	Mugil cephalus	mtss1lb	XM_047579919.1	11213	XP_047435875.1	863
125005022	Mugil cephalus	mtss1lb	XM_047579923.1	11055	XP_047435879.1	811
125443319	Sphaerodactylus townsendi	MTSS2	XM_048515340.1	6035	XP_048371297.1	713
125706216	Brienomyrus brachyistius	mtss1lb	XR_007381935.1	5908		
125706216	Brienomyrus brachyistius	mtss1lb	XR_007381936.1	5788		
125706216	Brienomyrus brachyistius	mtss1lb	XM_048972793.1	5275	XP_048828750.1	802
125706216	Brienomyrus brachyistius	mtss1lb	XM_048972795.1	5188	XP_048828752.1	773
125706216	Brienomyrus brachyistius	mtss1lb	XM_048972796.1	5148	XP_048828753.1	760
125706216	Brienomyrus brachyistius	mtss1lb	XM_048972794.1	5234	XP_048828751.1	789
125706216	Brienomyrus brachyistius	mtss1lb	XM_048972797.1	5123	XP_048828754.1	752
125706216	Brienomyrus brachyistius	mtss1lb	XM_048972798.1	5083	XP_048828755.1	739
125706216	Brienomyrus brachyistius	mtss1lb	XM_048972799.1	4996	XP_048828756.1	710
129705225	Leucoraja erinaceus	mtss1lb	XM_055648699.1	11856	XP_055504674.1	825
129705225	Leucoraja erinaceus	mtss1lb	XM_055648700.1	11853	XP_055504675.1	824
129705225	Leucoraja erinaceus	mtss1lb	XM_055648702.1	11797	XP_055504677.1	806
129705225	Leucoraja erinaceus	mtss1lb	XM_055648701.1	11815	XP_055504676.1	812
129705225	Leucoraja erinaceus	mtss1lb	XM_055648703.1	11662	XP_055504678.1	761
129705225	Leucoraja erinaceus	mtss1lb	XM_055648706.1	11617	XP_055504681.1	746
129705225	Leucoraja erinaceus	mtss1lb	XM_055648704.1	11622	XP_055504679.1	748
129705225	Leucoraja erinaceus	mtss1lb	XM_055648707.1	11577	XP_055504682.1	733
129705225	Leucoraja erinaceus	mtss1lb	XM_055648705.1	11619	XP_055504680.1	747
130257906	Oenanthe melanoleuca	MTSS2	XM_056500862.1	3748	XP_056356837.1	715
130257906	Oenanthe melanoleuca	MTSS2	XM_056500861.1	3750	XP_056356836.1	716
130257906	Oenanthe melanoleuca	MTSS2	XM_056500858.1	3819	XP_056356833.1	739
130257906	Oenanthe melanoleuca	MTSS2	XM_056500854.1	3830	XP_056356829.1	743
130257906	Oenanthe melanoleuca	MTSS2	XM_056500864.1	3743	XP_056356839.1	714
130257906	Oenanthe melanoleuca	MTSS2	XM_056500860.1	3758	XP_056356835.1	719
130257906	Oenanthe melanoleuca	MTSS2	XM_056500856.1	3821	XP_056356831.1	740
130257906	Oenanthe melanoleuca	MTSS2	XM_056500865.1	3740	XP_056356840.1	713
130257906	Oenanthe melanoleuca	MTSS2	XM_056500855.1	3826	XP_056356830.1	742
130257906	Oenanthe melanoleuca	MTSS2	XM_056500853.1	3832	XP_056356828.1	744
130257906	Oenanthe melanoleuca	MTSS2	XM_056500863.1	3742	XP_056356838.1	714
130257906	Oenanthe melanoleuca	MTSS2	XM_056500859.1	3814	XP_056356834.1	738
130257906	Oenanthe melanoleuca	MTSS2	XM_056500866.1	3733	XP_056356841.1	711
130257906	Oenanthe melanoleuca	MTSS2	XM_056500857.1	3816	XP_056356832.1	739
130913802	Corythoichthys intestinalis	mtss1lb	XM_057832689.1	7294	XP_057688672.1	738
130913802	Corythoichthys intestinalis	mtss1lb	XM_057832673.1	7411	XP_057688656.1	777
130913802	Corythoichthys intestinalis	mtss1lb	XM_057832698.1	7284	XP_057688681.1	735
130913802	Corythoichthys intestinalis	mtss1lb	XM_057832682.1	7401	XP_057688665.1	774
138726499	Phaenicophaeus curvirostris	MTSS2	XM_069868295.1	2420	XP_069724396.1	740
138726499	Phaenicophaeus curvirostris	MTSS2	XM_069868297.1	2339	XP_069724398.1	713
138726499	Phaenicophaeus curvirostris	MTSS2	XM_069868293.1	2421	XP_069724394.1	741
138726499	Phaenicophaeus curvirostris	MTSS2	XM_069868296.1	2412	XP_069724397.1	739
138726499	Phaenicophaeus curvirostris	MTSS2	XM_069868298.1	2331	XP_069724399.1	712
138726499	Phaenicophaeus curvirostris	MTSS2	XM_069868294.1	2414	XP_069724395.1	740
415679	Gallus gallus	MTSS1L	XM_015279207.4	4041	XP_015134693.1	737
415679	Gallus gallus	MTSS1L	XM_015279210.4	4032	XP_015134696.1	734
415679	Gallus gallus	MTSS1L	XM_040646022.2	4029	XP_040501956.1	733
415679	Gallus gallus	MTSS1L	XM_015279213.4	3948	XP_015134699.1	706
415679	Gallus gallus	MTSS1L	XM_040680968.2	4045	XP_040536902.1	737
415679	Gallus gallus	MTSS1L	XM_040680971.2	4036	XP_040536905.1	734
415679	Gallus gallus	MTSS1L	XM_040680972.2	4033	XP_040536906.1	733
415679	Gallus gallus	MTSS1L	XM_040680975.2	3952	XP_040536909.1	706
100546818	Meleagris gallopavo	MTSS2	XM_031555408.1	2577	XP_031411268.1	858
101931727	Chrysemys picta bellii	MTSS2	XM_065567809.1	7905	XP_065423881.1	773
101931727	Chrysemys picta bellii	MTSS2	XM_065567808.1	7907	XP_065423880.1	774
101931727	Chrysemys picta bellii	MTSS2	XM_065567814.1	7830	XP_065423886.1	749
101931727	Chrysemys picta bellii	MTSS2	XM_065567810.1	7868	XP_065423882.1	762
101931727	Chrysemys picta bellii	MTSS2	XM_065567812.1	7846	XP_065423884.1	755
101931727	Chrysemys picta bellii	MTSS2	XM_065567813.1	7843	XP_065423885.1	754
101931727	Chrysemys picta bellii	MTSS2	XM_065567817.1	7790	XP_065423889.1	737
101931727	Chrysemys picta bellii	MTSS2	XM_065567819.1	7723	XP_065423891.1	715
101931727	Chrysemys picta bellii	MTSS2	XM_065567816.1	7797	XP_065423888.1	740
101931727	Chrysemys picta bellii	MTSS2	XM_065567815.1	7815	XP_065423887.1	746
101931727	Chrysemys picta bellii	MTSS2	XM_065567818.1	7738	XP_065423890.1	721
101931727	Chrysemys picta bellii	MTSS2	XM_005309811.5	7706	XP_005309868.1	712
102221246	Xiphophorus maculatus	mtss1lb	XM_023332067.1	8669	XP_023187835.1	803
102221246	Xiphophorus maculatus	mtss1lb	XM_023332069.1	8666	XP_023187837.1	802
102221246	Xiphophorus maculatus	mtss1lb	XM_023332071.1	8546	XP_023187839.1	762
102221246	Xiphophorus maculatus	mtss1lb	XM_023332070.1	8660	XP_023187838.1	800
102943299	Chelonia mydas	MTSS2	XM_037877343.2	7865	XP_037733271.1	822
102943299	Chelonia mydas	MTSS2	XM_037877339.2	7886	XP_037733267.1	829
102943299	Chelonia mydas	MTSS2	XM_037877344.2	7819	XP_037733272.1	807
102943299	Chelonia mydas	MTSS2	XM_037877345.2	7810	XP_037733273.1	804
102943299	Chelonia mydas	MTSS2	XM_037877348.2	7743	XP_037733276.1	782
102943299	Chelonia mydas	MTSS2	XM_043526032.1	7716	XP_043381967.1	773
102943299	Chelonia mydas	MTSS2	XM_043526034.1	7658	XP_043381969.1	754
102943299	Chelonia mydas	MTSS2	XM_043526035.1	7649	XP_043381970.1	751
102943299	Chelonia mydas	MTSS2	XM_037877349.2	7691	XP_037733277.1	765
102943299	Chelonia mydas	MTSS2	XM_043526033.1	7661	XP_043381968.1	755
102943299	Chelonia mydas	MTSS2	XM_043526038.1	7604	XP_043381973.1	736
102943299	Chelonia mydas	MTSS2	XM_037877351.2	7532	XP_037733279.1	712
102943299	Chelonia mydas	MTSS2	XM_037877352.2	7624	XP_037733280.1	743
102943299	Chelonia mydas	MTSS2	XM_043526036.1	7615	XP_043381971.1	740
102943299	Chelonia mydas	MTSS2	XM_043526041.1	7540	XP_043381976.1	715
102943299	Chelonia mydas	MTSS2	XM_043526037.1	7612	XP_043381972.1	739
102943299	Chelonia mydas	MTSS2	XM_043526042.1	7537	XP_043381977.1	714
102943299	Chelonia mydas	MTSS2	XM_043526040.1	7576	XP_043381975.1	727
102943299	Chelonia mydas	MTSS2	XM_043526039.1	7597	XP_043381974.1	734
102943299	Chelonia mydas	MTSS2	XM_043526043.1	7521	XP_043381978.1	709
102943299	Chelonia mydas	MTSS2	XM_043526044.1	7455	XP_043381979.1	687
104876470	Fukomys damarensis	Mtss2	XM_033757818.1	2260	XP_033613709.1	703
104876470	Fukomys damarensis	Mtss2	XM_033757819.1	2158	XP_033613710.1	669
109697815	Castor canadensis	Mtss2	XM_020181688.1	2614	XP_020037277.1	718
109697815	Castor canadensis	Mtss2	XM_020181685.1	4485	XP_020037274.1	751
109697815	Castor canadensis	Mtss2	XM_020181687.1	4395	XP_020037276.1	721
109697815	Castor canadensis	Mtss2	XM_020181686.1	4476	XP_020037275.1	748
110546026	Meriones unguiculatus	Mtss2	XM_021632546.2	4790	XP_021488221.1	715
110546026	Meriones unguiculatus	Mtss2	XM_060391981.1	3858	XP_060247964.1	718
110546026	Meriones unguiculatus	Mtss2	XM_060391980.1	3870	XP_060247963.1	722
110546026	Meriones unguiculatus	Mtss2	XM_021632543.2	3925	XP_021488218.1	743
110546026	Meriones unguiculatus	Mtss2	XM_060391979.1	3937	XP_060247962.1	747
110546026	Meriones unguiculatus	Mtss2	XM_021632542.2	3925	XP_021488217.1	744
110546026	Meriones unguiculatus	Mtss2	XM_060391983.1	3997	XP_060247966.1	685
110546026	Meriones unguiculatus	Mtss2	XM_060391984.1	3610	XP_060247967.1	685
110546026	Meriones unguiculatus	Mtss2	XM_060391985.1	3630	XP_060247968.1	685
112393537	Neophocaena asiaeorientalis asiaeorientalis	MTSS2	XM_024735828.1	2492	XP_024591596.1	750
112393537	Neophocaena asiaeorientalis asiaeorientalis	MTSS2	XM_024735829.1	2387	XP_024591597.1	715
112646622	Canis lupus dingo	MTSS2	XM_025426793.3	4687	XP_025282578.1	736
112929536	Vulpes vulpes	MTSS2	XM_026011684.1	2566	XP_025867469.1	788
114622162	Grammomys surdaster	Mtss2	XM_028768557.1	4712	XP_028624390.1	715
114622162	Grammomys surdaster	Mtss2	XM_028768554.1	4817	XP_028624387.1	750
114622162	Grammomys surdaster	Mtss2	XM_028768555.1	4571	XP_028624388.1	747
114622162	Grammomys surdaster	Mtss2	XM_028768556.1	4484	XP_028624389.1	718
114622162	Grammomys surdaster	Mtss2	XM_028768558.1	4529	XP_028624391.1	688
115095485	Rhinatrema bivittatum	MTSS2	XM_029609227.1	8761	XP_029465087.1	684
115095485	Rhinatrema bivittatum	MTSS2	XM_029609225.1	8836	XP_029465085.1	709
115095485	Rhinatrema bivittatum	MTSS2	XM_029609226.1	8770	XP_029465086.1	687
115095485	Rhinatrema bivittatum	MTSS2	XM_029609224.1	8845	XP_029465084.1	712
116793515	Chiroxiphia lanceolata	MTSS2	XM_032701420.1	3646	XP_032557311.1	712
116793515	Chiroxiphia lanceolata	MTSS2	XM_032701417.1	3727	XP_032557308.1	739
116793515	Chiroxiphia lanceolata	MTSS2	XM_032701416.1	3730	XP_032557307.1	740
116793515	Chiroxiphia lanceolata	MTSS2	XM_032701415.1	3730	XP_032557306.1	740
116793515	Chiroxiphia lanceolata	MTSS2	XM_032701414.1	3733	XP_032557305.1	741
116793515	Chiroxiphia lanceolata	MTSS2	XM_032701419.1	3655	XP_032557310.1	715
116793515	Chiroxiphia lanceolata	MTSS2	XM_032701418.1	3658	XP_032557309.1	716
116793515	Chiroxiphia lanceolata	MTSS2	XM_032701413.1	3736	XP_032557304.1	742
116793515	Chiroxiphia lanceolata	MTSS2	XM_032701412.1	3739	XP_032557303.1	743
116793515	Chiroxiphia lanceolata	MTSS2	XM_032701411.1	3739	XP_032557302.1	743
116793515	Chiroxiphia lanceolata	MTSS2	XM_032701410.1	3742	XP_032557301.1	744
118113036	Hippoglossus stenolepis	mtss1lb	XM_035162443.2	11473	XP_035018334.1	864
118113036	Hippoglossus stenolepis	mtss1lb	XM_035162707.2	11317	XP_035018598.1	812
118113036	Hippoglossus stenolepis	mtss1lb	XM_035162616.2	11332	XP_035018507.1	817
118113036	Hippoglossus stenolepis	mtss1lb	XM_035162528.2	11464	XP_035018419.1	861
118343364	Morone saxatilis	mtss1lb	XM_035682146.1	6302	XP_035538039.1	820
118343364	Morone saxatilis	mtss1lb	XM_035682144.1	6436	XP_035538037.1	865
118343364	Morone saxatilis	mtss1lb	XM_035682149.1	6280	XP_035538042.1	813
118343364	Morone saxatilis	mtss1lb	XM_035682145.1	6426	XP_035538038.1	862
118343364	Morone saxatilis	mtss1lb	XM_035682150.1	6270	XP_035538043.1	810
118343364	Morone saxatilis	mtss1lb	XM_035682148.1	6291	XP_035538041.1	817
119773096	Cyprinodon tularosa	mtss1lb	XM_038269911.1	4301	XP_038125839.1	861
119773096	Cyprinodon tularosa	mtss1lb	XM_038269913.1	4145	XP_038125841.1	809
119773096	Cyprinodon tularosa	mtss1lb	XM_038269912.1	4292	XP_038125840.1	858
121682504	Alosa sapidissima	mtss1lb	XM_042062663.1	7984	XP_041918597.1	728
121682504	Alosa sapidissima	mtss1lb	XM_042062660.1	8134	XP_041918594.1	778
121682504	Alosa sapidissima	mtss1lb	XM_042062662.1	8071	XP_041918596.1	757
121682504	Alosa sapidissima	mtss1lb	XM_042062658.1	8221	XP_041918592.1	807
121682504	Alosa sapidissima	mtss1lb	XM_042062659.1	8143	XP_041918593.1	781
121682504	Alosa sapidissima	mtss1lb	XM_042062661.1	8080	XP_041918595.1	760
121682504	Alosa sapidissima	mtss1lb	XM_042062657.1	8230	XP_041918591.1	810
127477479	Manacus candei	MTSS2	XM_051801837.1	3993	XP_051657797.1	743
127477479	Manacus candei	MTSS2	XM_051801843.1	3911	XP_051657803.1	716
127477479	Manacus candei	MTSS2	XM_051801841.1	3983	XP_051657801.1	740
127477479	Manacus candei	MTSS2	XM_051801835.1	3994	XP_051657795.1	744
127477479	Manacus candei	MTSS2	XM_051801838.1	3988	XP_051657798.1	742
127477479	Manacus candei	MTSS2	XM_051801844.1	3907	XP_051657804.1	715
127477479	Manacus candei	MTSS2	XM_051801839.1	3984	XP_051657799.1	741
127477479	Manacus candei	MTSS2	XM_051801842.1	3978	XP_051657802.1	739
127477479	Manacus candei	MTSS2	XM_051801845.1	3897	XP_051657805.1	712
127477479	Manacus candei	MTSS2	XM_051801836.1	3989	XP_051657796.1	743
127477479	Manacus candei	MTSS2	XM_051801840.1	3980	XP_051657800.1	740
131986499	Centropristis striata	mtss1lb	XM_059351492.1	12891	XP_059207475.1	856
131986499	Centropristis striata	mtss1lb	XM_059351500.1	12753	XP_059207483.1	810
131986499	Centropristis striata	mtss1lb	XM_059351509.1	12733	XP_059207492.1	804
133052726	Dama dama	MTSS2	XM_061137598.1	4649	XP_060993581.1	737
133052726	Dama dama	MTSS2	XM_061137603.1	4553	XP_060993586.1	705
133277253	Pezoporus flaviventris	MTSS2	XM_061468906.1	2510	XP_061324890.1	743
135778732	Paramisgurnus dabryanus	mtss1lb	XM_065289256.1	6436	XP_065145328.1	752
135778732	Paramisgurnus dabryanus	mtss1lb	XM_065289257.1	6349	XP_065145329.1	723
136660146	Tiliqua scincoides	MTSS2	XM_066637195.1	5090	XP_066493292.1	708
136660146	Tiliqua scincoides	MTSS2	XM_066637194.1	5165	XP_066493291.1	733
136660146	Tiliqua scincoides	MTSS2	XM_066637196.1	4589	XP_066493293.1	667
139295322	Enoplosus armatus	mtss1lb	XM_070917535.1	2514	XP_070773636.1	803
711946	Macaca mulatta	MTSS2	XM_028841116.1	4951	XP_028696949.1	742
711946	Macaca mulatta	MTSS2	XM_028841117.1	4751	XP_028696950.1	739
711946	Macaca mulatta	MTSS2	XM_028841118.1	4683	XP_028696951.1	717
711946	Macaca mulatta	MTSS2	XM_028841119.1	4662	XP_028696952.1	710
711946	Macaca mulatta	MTSS2	XM_028841120.1	4653	XP_028696953.1	707
102772059	Myotis davidii	MTSS2	XM_015558785.1	1797	XP_015414271.1	598
102956329	Panthera tigris	MTSS2	XM_042969621.1	4757	XP_042825555.1	793
102956329	Panthera tigris	MTSS2	XM_042969623.1	4661	XP_042825557.1	761
102956329	Panthera tigris	MTSS2	XM_042969622.1	4748	XP_042825556.1	790
102956329	Panthera tigris	MTSS2	XM_042969624.1	4584	XP_042825558.1	738
102956329	Panthera tigris	MTSS2	XM_042969625.1	4575	XP_042825559.1	735
102956329	Panthera tigris	MTSS2	XM_042969626.1	4479	XP_042825560.1	703
104130291	Egretta garzetta	MTSS2	XM_035898800.1	1974	XP_035754693.1	658
104344216	Leptosomus discolor	MTSS2	XM_009948295.1	1002	XP_009946597.1	333
109270648	Panthera pardus	MTSS2	XM_053906661.1	4712	XP_053762636.1	710
109270648	Panthera pardus	MTSS2	XM_019455327.2	4690	XP_019310872.1	703
109270648	Panthera pardus	MTSS2	XM_019455325.2	4785	XP_019310870.1	735
111969273	Salvelinus sp. IW2-2015	mtss1lb	XM_070445383.1	7543	XP_070301484.1	795
115041590	Echeneis naucrates	mtss1lb	XM_029499145.1	11104	XP_029355005.1	813
115041590	Echeneis naucrates	mtss1lb	XM_029499147.1	11092	XP_029355007.1	809
115041590	Echeneis naucrates	mtss1lb	XM_029499146.1	11095	XP_029355006.1	810
116982678	Amblyraja radiata	mtss2	XM_033036013.1	11893	XP_032891904.1	872
116982678	Amblyraja radiata	mtss2	XM_033036019.1	11757	XP_032891910.1	827
116982678	Amblyraja radiata	mtss2	XM_033036018.1	11760	XP_032891909.1	828
116982678	Amblyraja radiata	mtss2	XM_033036011.1	11895	XP_032891902.1	873
116982678	Amblyraja radiata	mtss2	XM_033036015.1	11882	XP_032891906.1	869
116982678	Amblyraja radiata	mtss2	XM_033036014.1	11885	XP_032891905.1	870
116982678	Amblyraja radiata	mtss2	XM_033036024.1	11521	XP_032891915.1	749
116982678	Amblyraja radiata	mtss2	XM_033036021.1	11566	XP_032891912.1	764
116982678	Amblyraja radiata	mtss2	XM_033036020.1	11701	XP_032891911.1	809
116982678	Amblyraja radiata	mtss2	XM_033036016.1	11854	XP_032891907.1	860
116982678	Amblyraja radiata	mtss2	XM_033036023.1	11522	XP_032891914.1	750
116982678	Amblyraja radiata	mtss2	XM_033036027.1	11480	XP_032891918.1	736
116982678	Amblyraja radiata	mtss2	XM_033036022.1	11525	XP_032891913.1	751
116982678	Amblyraja radiata	mtss2	XM_033036026.1	11512	XP_032891917.1	747
116982678	Amblyraja radiata	mtss2	XM_033036028.1	11469	XP_032891919.1	733
116982678	Amblyraja radiata	mtss2	XM_033036025.1	11514	XP_032891916.1	748
116982678	Amblyraja radiata	mtss2	XM_033036017.1	11286	XP_032891908.1	851
118843177	Trichosurus vulpecula	MTSS2	XM_036750649.1	6406	XP_036606544.1	720
118843177	Trichosurus vulpecula	MTSS2	XM_036750647.1	6471	XP_036606542.1	742
118843177	Trichosurus vulpecula	MTSS2	XM_036750646.1	6480	XP_036606541.1	745
118843177	Trichosurus vulpecula	MTSS2	XM_036750651.1	6386	XP_036606546.1	714
118843177	Trichosurus vulpecula	MTSS2	XM_036750652.1	6320	XP_036606547.1	692
118843177	Trichosurus vulpecula	MTSS2	XM_036750650.1	6395	XP_036606545.1	717
119194251	Pungitius pungitius	mtss1lb	XM_037448451.2	3718	XP_037304348.2	809
119194251	Pungitius pungitius	mtss1lb	XM_037448468.2	3588	XP_037304365.2	766
119194251	Pungitius pungitius	mtss1lb	XM_037448478.2	3585	XP_037304375.2	765
119194251	Pungitius pungitius	mtss1lb	XM_037448461.2	3708	XP_037304358.2	806
119194251	Pungitius pungitius	mtss1lb	XM_037448483.2	3576	XP_037304380.2	762
120312611	Crotalus tigris	MTSS2	XM_039353543.1	5448	XP_039209477.1	783
120312611	Crotalus tigris	MTSS2	XM_039353541.1	5454	XP_039209475.1	785
120312611	Crotalus tigris	MTSS2	XM_039353540.1	5457	XP_039209474.1	786
120312611	Crotalus tigris	MTSS2	XM_039353545.1	3148	XP_039209479.1	710
120312611	Crotalus tigris	MTSS2	XM_039353544.1	3157	XP_039209478.1	713
121333803	Onychostruthus taczanowskii	MTSS2	XM_041400515.1	2364	XP_041256449.1	717
121333803	Onychostruthus taczanowskii	MTSS2	XM_041400513.1	2439	XP_041256447.1	742
121333803	Onychostruthus taczanowskii	MTSS2	XM_041400514.1	2367	XP_041256448.1	718
121333803	Onychostruthus taczanowskii	MTSS2	XM_041400512.1	2442	XP_041256446.1	743
121333803	Onychostruthus taczanowskii	MTSS2	XM_041400511.1	3090	XP_041256445.1	757
121333803	Onychostruthus taczanowskii	MTSS2	XM_041400509.1	3168	XP_041256443.1	783
121333803	Onychostruthus taczanowskii	MTSS2	XM_041400510.1	3092	XP_041256444.1	758
124482418	Hypomesus transpacificus	mtss1lb	XM_047042866.1	4778	XP_046898822.1	751
124482418	Hypomesus transpacificus	mtss1lb	XM_047042867.1	4745	XP_046898823.1	740
124482418	Hypomesus transpacificus	mtss1lb	XM_047042865.1	4862	XP_046898821.1	779
128334318	Hemicordylus capensis	MTSS2	XM_053270989.1	6402	XP_053126964.1	759
128334318	Hemicordylus capensis	MTSS2	XM_053270992.1	6330	XP_053126967.1	735
128334318	Hemicordylus capensis	MTSS2	XM_053270988.1	6404	XP_053126963.1	760
128334318	Hemicordylus capensis	MTSS2	XM_053270994.1	6253	XP_053126969.1	710
128334318	Hemicordylus capensis	MTSS2	XM_053270991.1	6327	XP_053126966.1	735
128334318	Hemicordylus capensis	MTSS2	XM_053270990.1	6336	XP_053126965.1	738
128334318	Hemicordylus capensis	MTSS2	XM_053270993.1	6259	XP_053126968.1	713
128334318	Hemicordylus capensis	MTSS2	XM_053270999.1	4690	XP_053126974.1	661
128334318	Hemicordylus capensis	MTSS2	XM_053270995.1	4744	XP_053126970.1	680
128334318	Hemicordylus capensis	MTSS2	XM_053270996.1	4719	XP_053126971.1	661
128334318	Hemicordylus capensis	MTSS2	XM_053270998.1	4672	XP_053126973.1	661
128649192	Bombina bombina	MTSS2	XM_053702330.1	12810	XP_053558305.1	711
128649192	Bombina bombina	MTSS2	XM_053702322.1	12879	XP_053558297.1	734
128649192	Bombina bombina	MTSS2	XM_053702313.1	12882	XP_053558288.1	735
129379307	Poeciliopsis prolifica	mtss1lb	XM_055060017.1	11676	XP_054915992.1	853
129379307	Poeciliopsis prolifica	mtss1lb	XM_055060020.1	11520	XP_054915995.1	801
129379307	Poeciliopsis prolifica	mtss1lb	XM_055060018.1	11550	XP_054915993.1	811
129379307	Poeciliopsis prolifica	mtss1lb	XM_055060019.1	11547	XP_054915994.1	810
129379307	Poeciliopsis prolifica	mtss1lb	XM_055060021.1	11391	XP_054915996.1	758
131396182	Diceros bicornis minor	MTSS2	XM_058528229.1	2935	XP_058384212.1	767
131396182	Diceros bicornis minor	MTSS2	XM_058528236.1	2787	XP_058384219.1	718
131396182	Diceros bicornis minor	MTSS2	XM_058528233.1	2861	XP_058384216.1	743
131396182	Diceros bicornis minor	MTSS2	XM_058528235.1	2764	XP_058384218.1	711
131396182	Diceros bicornis minor	MTSS2	XM_058528232.1	7442	XP_058384215.1	746
131396182	Diceros bicornis minor	MTSS2	XM_058528228.1	7516	XP_058384211.1	771
131396182	Diceros bicornis minor	MTSS2	XM_058528234.1	7420	XP_058384217.1	739
131396182	Diceros bicornis minor	MTSS2	XM_058528230.1	7443	XP_058384213.1	747
131543990	Onychostoma macrolepis	mtss1lb	XM_058781852.1	6001	XP_058637835.1	800
131543990	Onychostoma macrolepis	mtss1lb	XM_058781853.1	5913	XP_058637836.1	771
131543990	Onychostoma macrolepis	mtss1lb	XM_058781854.1	5849	XP_058637837.1	750
131543990	Onychostoma macrolepis	mtss1lb	XM_058781855.1	5761	XP_058637838.1	721
131543990	Onychostoma macrolepis	mtss1lb	XM_058781856.1	5294	XP_058637839.1	715
132078954	Ammospiza nelsoni	MTSS2	XM_059481329.1	3039	XP_059337312.1	743
132479738	Mesoplodon densirostris	MTSS2	XM_060083258.1	4863	XP_059939241.1	748
132479738	Mesoplodon densirostris	MTSS2	XM_060083259.1	4767	XP_059939242.1	716
132479738	Mesoplodon densirostris	MTSS2	XM_060083260.1	4505	XP_059939243.1	603
133748882	Lepus europaeus	MTSS2	XM_062177959.1	4581	XP_062033943.1	736
133748882	Lepus europaeus	MTSS2	XM_062177960.1	4485	XP_062033944.1	704
135314756	Phalacrocorax carbo	MTSS2	XM_064459219.1	3882	XP_064315289.1	740
135314756	Phalacrocorax carbo	MTSS2	XM_064459220.1	3879	XP_064315290.1	739
135314756	Phalacrocorax carbo	MTSS2	XM_064459221.1	3797	XP_064315291.1	712
136295805	Chamaea fasciata	MTSS2	XM_066194456.1	4026	XP_066050553.1	740
136295805	Chamaea fasciata	MTSS2	XM_066194454.1	4029	XP_066050551.1	741
136295805	Chamaea fasciata	MTSS2	XM_066194451.1	4032	XP_066050548.1	742
136295805	Chamaea fasciata	MTSS2	XM_066194461.1	3947	XP_066050558.1	714
136295805	Chamaea fasciata	MTSS2	XM_066194457.1	3953	XP_066050554.1	716
136295805	Chamaea fasciata	MTSS2	XM_066194453.1	4028	XP_066050550.1	741
136295805	Chamaea fasciata	MTSS2	XM_066194452.1	4028	XP_066050549.1	741
136295805	Chamaea fasciata	MTSS2	XM_066194460.1	3946	XP_066050557.1	714
136295805	Chamaea fasciata	MTSS2	XM_066194459.1	3949	XP_066050556.1	715
136295805	Chamaea fasciata	MTSS2	XM_066194455.1	4024	XP_066050552.1	740
136295805	Chamaea fasciata	MTSS2	XM_066194462.1	3939	XP_066050559.1	712
136381394	Saccopteryx leptura	MTSS2	XM_066350058.1	4938	XP_066206155.1	741
136381394	Saccopteryx leptura	MTSS2	XM_066350059.1	4863	XP_066206156.1	716
136381394	Saccopteryx leptura	MTSS2	XM_066350060.1	4842	XP_066206157.1	709
244654	Mus musculus	Mtss2	XM_006531011.5	5215	XP_006531074.1	751
244654	Mus musculus	Mtss2	XM_006531012.5	5212	XP_006531075.1	750
244654	Mus musculus	Mtss2	XM_006531015.5	5119	XP_006531078.1	719
244654	Mus musculus	Mtss2	XM_006531016.5	5116	XP_006531079.1	718
244654	Mus musculus	Mtss2	XM_006531017.5	5107	XP_006531080.1	715
244654	Mus musculus	Mtss2	XM_036154045.1	5104	XP_036009938.1	714
244654	Mus musculus	Mtss2	XM_036154046.1	5011	XP_036009939.1	683
244654	Mus musculus	Mtss2	XM_036154047.1	5008	XP_036009940.1	682
244654	Mus musculus	Mtss2	XM_036154048.1	4999	XP_036009941.1	679
244654	Mus musculus	Mtss2	NM_001426715.1	4816	NP_001413644.1	748
244654	Mus musculus	Mtss2	NM_001426716.1	4813	NP_001413645.1	747
244654	Mus musculus	Mtss2	NM_001426717.1	4720	NP_001413646.1	716
244654	Mus musculus	Mtss2	NM_198625.3	4717	NP_941027.1	715
244654	Mus musculus	Mtss2	NM_001426718.1	4612	NP_001413647.1	680
244654	Mus musculus	Mtss2	XM_006531018.5	8719	XP_006531081.1	689
244654	Mus musculus	Mtss2	XM_030243563.2	8710	XP_030099423.1	686
244654	Mus musculus	Mtss2	XM_030243565.2	8614	XP_030099425.1	654
244654	Mus musculus	Mtss2	NM_001310591.2	4690	NP_001297520.1	653
101416398	Dasypus novemcinctus	MTSS2	XM_058279749.2	5036	XP_058135732.1	741
101416398	Dasypus novemcinctus	MTSS2	XM_058279750.2	4940	XP_058135733.1	710
101416398	Dasypus novemcinctus	MTSS2	XM_071209087.1	4860	XP_071065188.1	661
103186663	Callorhinchus milii	mtss1lb	XM_042340208.1	2779	XP_042196142.1	862
103186663	Callorhinchus milii	mtss1lb	XM_007905835.2	2740	XP_007904026.1	849
103186663	Callorhinchus milii	mtss1lb	XM_042340213.1	2587	XP_042196147.1	798
103186663	Callorhinchus milii	mtss1lb	XM_042340212.1	2659	XP_042196146.1	822
103186663	Callorhinchus milii	mtss1lb	XM_042340215.1	2467	XP_042196149.1	758
103186663	Callorhinchus milii	mtss1lb	XM_042340209.1	2776	XP_042196143.1	861
103186663	Callorhinchus milii	mtss1lb	XM_042340210.1	2770	XP_042196144.1	859
103186663	Callorhinchus milii	mtss1lb	XM_042340218.1	2731	XP_042196152.1	846
103186663	Callorhinchus milii	mtss1lb	XM_042340216.1	2458	XP_042196150.1	755
103186663	Callorhinchus milii	mtss1lb	XM_042340217.1	2419	XP_042196151.1	742
103186663	Callorhinchus milii	mtss1lb	XM_042340211.1	2767	XP_042196145.1	858
103186663	Callorhinchus milii	mtss1lb	XM_042340219.1	2728	XP_042196153.1	845
103186663	Callorhinchus milii	mtss1lb	XM_042340214.1	2618	XP_042196148.1	778
103284649	Eptesicus fuscus	MTSS2	XM_028143337.2	2748	XP_027999138.2	707
103284649	Eptesicus fuscus	MTSS2	XM_028143340.2	2769	XP_027999141.2	714
103284649	Eptesicus fuscus	MTSS2	XM_028143334.2	2844	XP_027999135.2	739
104333457	Opisthocomus hoazin	MTSS2	XM_009938958.1	1137	XP_009937260.1	378
104399788	Nestor notabilis	MTSS2	XM_010012254.1	1459	XP_010010556.1	486
110139076	Odocoileus virginianus	MTSS2	XM_020896655.2	4956	XP_020752314.2	843
110192414	Phascolarctos cinereus	MTSS2	XM_020963564.1	6673	XP_020819223.1	745
110192414	Phascolarctos cinereus	MTSS2	XM_020963567.1	6598	XP_020819226.1	720
110192414	Phascolarctos cinereus	MTSS2	XM_020963565.1	6670	XP_020819224.1	744
110192414	Phascolarctos cinereus	MTSS2	XM_020963568.1	6589	XP_020819227.1	717
110192414	Phascolarctos cinereus	MTSS2	XM_020963570.1	6550	XP_020819229.1	704
110192414	Phascolarctos cinereus	MTSS2	XM_020963566.1	6664	XP_020819225.1	742
110192414	Phascolarctos cinereus	MTSS2	XM_020963569.1	6580	XP_020819228.1	714
111585851	Amphiprion ocellaris	mtss1lb	XM_055009230.1	4443	XP_054865205.1	857
111585851	Amphiprion ocellaris	mtss1lb	XM_055009232.1	4433	XP_054865207.1	854
111585851	Amphiprion ocellaris	mtss1lb	XM_055009234.1	4274	XP_054865209.1	802
112836870	Callorhinus ursinus	MTSS2	XM_025888844.1	2446	XP_025744629.1	706
112836870	Callorhinus ursinus	MTSS2	XM_025888842.1	2542	XP_025744627.1	738
112836870	Callorhinus ursinus	MTSS2	XM_025888843.1	2455	XP_025744628.1	709
112836870	Callorhinus ursinus	MTSS2	XM_025888841.1	2551	XP_025744626.1	741
113627085	Sagmatias obliquidens	MTSS2	XM_027119325.1	6253	XP_026975126.1	714
113627085	Sagmatias obliquidens	MTSS2	XM_027119323.1	6349	XP_026975124.1	746
113627085	Sagmatias obliquidens	MTSS2	XM_027119324.1	6262	XP_026975125.1	717
113627085	Sagmatias obliquidens	MTSS2	XM_027119322.1	6358	XP_026975123.1	749
116865671	Lontra canadensis	MTSS2	XM_032853994.1	2248	XP_032709885.1	714
116865671	Lontra canadensis	MTSS2	XM_032853991.1	2257	XP_032709882.1	717
116865671	Lontra canadensis	MTSS2	XM_032853990.1	2322	XP_032709881.1	739
116865671	Lontra canadensis	MTSS2	XM_032853993.1	2225	XP_032709884.1	707
116865671	Lontra canadensis	MTSS2	XM_032853989.1	2330	XP_032709880.1	742
116865671	Lontra canadensis	MTSS2	XM_032853992.1	2233	XP_032709883.1	710
118087514	Zootoca vivipara	MTSS2	XM_035120227.2	5682	XP_034976118.2	734
118087514	Zootoca vivipara	MTSS2	XM_035120229.2	5616	XP_034976120.2	712
118087514	Zootoca vivipara	MTSS2	XM_035120230.2	5607	XP_034976121.2	709
118087514	Zootoca vivipara	MTSS2	XM_035120228.2	5673	XP_034976119.2	731
118087514	Zootoca vivipara	MTSS2	XM_035120231.2	5607	XP_034976122.2	709
118533046	Halichoerus grypus	MTSS2	XM_036088051.1	4567	XP_035943944.1	707
118533046	Halichoerus grypus	MTSS2	XM_036088049.1	4663	XP_035943942.1	739
118533046	Halichoerus grypus	MTSS2	XM_036088050.1	4576	XP_035943943.1	710
118533046	Halichoerus grypus	MTSS2	XM_036088048.1	4671	XP_035943941.1	742
118533046	Halichoerus grypus	MTSS2	XM_036088052.1	4362	XP_035943945.1	594
120555672	Perca fluviatilis	mtss1lb	XM_039794595.1	11320	XP_039650529.1	861
120555672	Perca fluviatilis	mtss1lb	XM_039794599.1	11170	XP_039650533.1	811
120555672	Perca fluviatilis	mtss1lb	XM_039794597.1	11182	XP_039650531.1	815
120555672	Perca fluviatilis	mtss1lb	XM_039794596.1	11311	XP_039650530.1	858
120555672	Perca fluviatilis	mtss1lb	XM_039794600.1	11161	XP_039650534.1	808
120555672	Perca fluviatilis	mtss1lb	XM_039794598.1	11173	XP_039650532.1	812
121157930	Ochotona curzoniae	MTSS2	XM_040982400.1	4237	XP_040838334.1	711
121157930	Ochotona curzoniae	MTSS2	XM_040982399.1	4342	XP_040838333.1	746
122911258	Neogale vison	MTSS2	XM_044255764.1	4576	XP_044111699.1	706
122911258	Neogale vison	MTSS2	XM_044255766.1	4597	XP_044111701.1	713
122911258	Neogale vison	MTSS2	XM_044255761.1	4672	XP_044111696.1	738
122911258	Neogale vison	MTSS2	XM_044255765.1	4573	XP_044111700.1	705
122911258	Neogale vison	MTSS2	XM_044255763.1	4585	XP_044111698.1	709
122911258	Neogale vison	MTSS2	XM_044255762.1	4606	XP_044111697.1	716
122911258	Neogale vison	MTSS2	XM_044255760.1	4681	XP_044111695.1	741
125904882	Epinephelus fuscoguttatus	mtss1lb	XM_049602600.1	13122	XP_049458557.1	815
125904882	Epinephelus fuscoguttatus	mtss1lb	XM_049602590.1	13260	XP_049458547.1	861
125904882	Epinephelus fuscoguttatus	mtss1lb	XM_049602606.1	13102	XP_049458563.1	809
126393676	Epinephelus moara	mtss1lb	XM_050049967.1	13376	XP_049905924.1	815
126393676	Epinephelus moara	mtss1lb	XM_050049972.1	13358	XP_049905929.1	809
126393676	Epinephelus moara	mtss1lb	XM_050049960.1	13514	XP_049905917.1	861
128932685	Melozone crissalis	MTSS2	XM_054269327.1	3075	XP_054125302.1	745
128932685	Melozone crissalis	MTSS2	XM_054269330.1	3072	XP_054125305.1	744
128932685	Melozone crissalis	MTSS2	XM_054269328.1	3072	XP_054125303.1	744
128932685	Melozone crissalis	MTSS2	XM_054269332.1	3069	XP_054125307.1	743
128932685	Melozone crissalis	MTSS2	XM_054269331.1	3072	XP_054125306.1	744
128932685	Melozone crissalis	MTSS2	XM_054269333.1	3069	XP_054125308.1	743
128932685	Melozone crissalis	MTSS2	XM_054269338.1	2991	XP_054125313.1	717
128932685	Melozone crissalis	MTSS2	XM_054269334.1	3066	XP_054125309.1	742
128932685	Melozone crissalis	MTSS2	XM_054269335.1	3063	XP_054125310.1	741
128932685	Melozone crissalis	MTSS2	XM_054269341.1	3060	XP_054125316.1	740
128932685	Melozone crissalis	MTSS2	XM_054269336.1	3063	XP_054125311.1	741
128932685	Melozone crissalis	MTSS2	XM_054269337.1	3060	XP_054125312.1	740
128932685	Melozone crissalis	MTSS2	XM_054269342.1	3057	XP_054125317.1	739
128932685	Melozone crissalis	MTSS2	XM_054269339.1	2976	XP_054125314.1	712
129075209	Pteronotus mesoamericanus	MTSS2	XM_054579209.1	4857	XP_054435184.1	707
129075209	Pteronotus mesoamericanus	MTSS2	XM_054579208.1	4878	XP_054435183.1	714
129075209	Pteronotus mesoamericanus	MTSS2	XM_054579207.1	4953	XP_054435182.1	739
133630076	Entelurus aequoreus	mtss1lb	XM_062021350.1	4146	XP_061877334.1	775
134096035	Sardina pilchardus	mtss1lb	XM_062549777.1	3513	XP_062405761.1	763
134303922	Trichomycterus rosablanca	mtss1lb	XM_062989396.1	4928	XP_062845466.1	742
137031231	Chanodichthys erythropterus	mtss1lb	XM_067402034.1	7406	XP_067258135.1	744
137031231	Chanodichthys erythropterus	mtss1lb	XM_067402035.1	7331	XP_067258136.1	719
137031231	Chanodichthys erythropterus	mtss1lb	XM_067402037.1	7319	XP_067258138.1	715
137031231	Chanodichthys erythropterus	mtss1lb	XM_067402036.1	7011	XP_067258137.1	718
138744594	Narcine bancroftii	mtss1lb	XM_069900991.1	10190	XP_069757092.1	726
138744594	Narcine bancroftii	mtss1lb	XM_069900987.1	10683	XP_069757088.1	788
138744594	Narcine bancroftii	mtss1lb	XM_069900994.1	10260	XP_069757095.1	647
138744594	Narcine bancroftii	mtss1lb	XM_069900993.1	10335	XP_069757094.1	672
138744594	Narcine bancroftii	mtss1lb	XM_069900989.1	10512	XP_069757090.1	731
138744594	Narcine bancroftii	mtss1lb	XM_069900988.1	10542	XP_069757089.1	741
138744594	Narcine bancroftii	mtss1lb	XM_069900986.1	10686	XP_069757087.1	789
138744594	Narcine bancroftii	mtss1lb	XM_069900992.1	10436	XP_069757093.1	706
138744594	Narcine bancroftii	mtss1lb	XM_069900990.1	10099	XP_069757091.1	728
101966375	Ictidomys tridecemlineatus	Mtss2	XM_013366262.3	4495	XP_013221716.3	660
101966375	Ictidomys tridecemlineatus	Mtss2	XM_013366259.3	4591	XP_013221713.3	692
101966375	Ictidomys tridecemlineatus	Mtss2	XM_013366260.3	4504	XP_013221714.3	663
101966375	Ictidomys tridecemlineatus	Mtss2	XM_013366255.3	4600	XP_013221709.3	695
101966375	Ictidomys tridecemlineatus	Mtss2	XM_040279781.1	4404	XP_040135715.1	609
102515190	Camelus ferus	MTSS2	XM_032486707.1	5416	XP_032342598.1	722
102515190	Camelus ferus	MTSS2	XM_032486705.1	5379	XP_032342596.1	747
102515190	Camelus ferus	MTSS2	XM_032486708.1	5282	XP_032342599.1	715
102515190	Camelus ferus	MTSS2	XM_032486706.1	5369	XP_032342597.1	744
102515190	Camelus ferus	MTSS2	XM_032486709.1	5272	XP_032342600.1	712
102515190	Camelus ferus	MTSS2	XM_014551337.2	4719	XP_014406823.2	667
102526916	Vicugna pacos	MTSS2	XM_006199825.3	4844	XP_006199887.1	774
103233163	Chlorocebus sabaeus	MTSS2	XM_007993687.2	4864	XP_007991878.2	722
103233163	Chlorocebus sabaeus	MTSS2	XM_007993685.2	4938	XP_007991876.2	747
103233163	Chlorocebus sabaeus	MTSS2	XM_007993686.2	4928	XP_007991877.2	744
103233163	Chlorocebus sabaeus	MTSS2	XM_007993688.2	4840	XP_007991879.2	715
103233163	Chlorocebus sabaeus	MTSS2	XM_007993689.2	4830	XP_007991880.2	712
103588109	Galeopterus variegatus	MTSS2	XM_008569719.1	2406	XP_008567941.1	801
104687568	Corvus cornix cornix	MTSS2	XM_039558247.1	2548	XP_039414181.1	744
104687568	Corvus cornix cornix	MTSS2	XM_039558248.1	2545	XP_039414182.1	743
104687568	Corvus cornix cornix	MTSS2	XM_039558256.1	2470	XP_039414190.1	718
104687568	Corvus cornix cornix	MTSS2	XM_039558249.1	2545	XP_039414183.1	743
104687568	Corvus cornix cornix	MTSS2	XM_039558250.1	2542	XP_039414184.1	742
104687568	Corvus cornix cornix	MTSS2	XM_039558257.1	2464	XP_039414191.1	716
104687568	Corvus cornix cornix	MTSS2	XM_039558258.1	2461	XP_039414192.1	715
104687568	Corvus cornix cornix	MTSS2	XM_039558251.1	2539	XP_039414185.1	741
104687568	Corvus cornix cornix	MTSS2	XM_039558253.1	2536	XP_039414187.1	740
104687568	Corvus cornix cornix	MTSS2	XM_039558259.1	2461	XP_039414193.1	715
104687568	Corvus cornix cornix	MTSS2	XM_039558254.1	2536	XP_039414188.1	740
104687568	Corvus cornix cornix	MTSS2	XM_039558255.1	2533	XP_039414189.1	739
104687568	Corvus cornix cornix	MTSS2	XM_039558260.1	2458	XP_039414194.1	714
104687568	Corvus cornix cornix	MTSS2	XM_039558261.1	2452	XP_039414195.1	712
106984354	Acinonyx jubatus	MTSS2	XM_053210549.1	4638	XP_053066524.1	710
106984354	Acinonyx jubatus	MTSS2	XM_053210548.1	4712	XP_053066523.1	735
106984354	Acinonyx jubatus	MTSS2	XM_053210550.1	4615	XP_053066525.1	703
107319207	Coturnix japonica	MTSS2	XM_015873884.2	2845	XP_015729370.1	732
107319207	Coturnix japonica	MTSS2	XM_015873882.2	2854	XP_015729368.1	735
107319207	Coturnix japonica	MTSS2	XM_015873885.2	2767	XP_015729371.1	706
107319207	Coturnix japonica	MTSS2	XM_032447023.1	2848	XP_032302914.1	733
107319207	Coturnix japonica	MTSS2	XM_015873883.2	2851	XP_015729369.1	734
107319207	Coturnix japonica	MTSS2	XM_032447024.1	2776	XP_032302915.1	709
107319207	Coturnix japonica	MTSS2	XM_032447022.1	2857	XP_032302913.1	736
107319207	Coturnix japonica	MTSS2	XM_015873881.2	2860	XP_015729367.1	737
107319207	Coturnix japonica	MTSS2	XM_032447021.1	2856	XP_032302912.1	736
107319207	Coturnix japonica	MTSS2	XM_015873880.2	2859	XP_015729366.1	737
109963389	Monopterus albus	mtss1lb	XM_020605890.1	2977	XP_020461546.1	805
109963389	Monopterus albus	mtss1lb	XM_020605893.1	2854	XP_020461549.1	764
109963389	Monopterus albus	mtss1lb	XM_020605891.1	2971	XP_020461547.1	803
109963389	Monopterus albus	mtss1lb	XR_002275390.1	8856		
109963389	Monopterus albus	mtss1lb	XM_020605889.1	2979	XP_020461545.1	806
113251737	Ursus arctos	MTSS2	XM_048223497.2	3658	XP_048079454.1	713
113251737	Ursus arctos	MTSS2	XM_048223492.2	3732	XP_048079449.1	738
113251737	Ursus arctos	MTSS2	XM_048223495.2	3635	XP_048079452.1	706
113251737	Ursus arctos	MTSS2	XM_048223496.2	3317	XP_048079453.1	593
113574087	Electrophorus electricus	mtss1lb	XM_035520850.1	3560	XP_035376743.1	726
113574087	Electrophorus electricus	mtss1lb	XM_035520847.1	3647	XP_035376740.1	755
113574087	Electrophorus electricus	mtss1lb	XM_035520849.1	3569	XP_035376742.1	729
113574087	Electrophorus electricus	mtss1lb	XM_035520846.1	3656	XP_035376739.1	758
113574087	Electrophorus electricus	mtss1lb	XM_035520845.1	3356	XP_035376738.1	771
113574087	Electrophorus electricus	mtss1lb	XM_035520848.1	3278	XP_035376741.1	745
113574087	Electrophorus electricus	mtss1lb	XM_035520844.1	3365	XP_035376737.1	774
114481279	Gouania willdenowi	mtss1lb	XM_028475971.1	4991	XP_028331772.1	879
114481279	Gouania willdenowi	mtss1lb	XM_028475980.1	4982	XP_028331781.1	876
114481279	Gouania willdenowi	mtss1lb	XM_028475986.1	4831	XP_028331787.1	826
117258070	Epinephelus lanceolatus	mtss1lb	XM_033628559.1	7084	XP_033484450.1	815
117258070	Epinephelus lanceolatus	mtss1lb	XM_033628575.1	7066	XP_033484466.1	809
117258070	Epinephelus lanceolatus	mtss1lb	XM_033628550.1	7093	XP_033484441.1	818
117258070	Epinephelus lanceolatus	mtss1lb	XM_033628566.1	7075	XP_033484457.1	812
117258070	Epinephelus lanceolatus	mtss1lb	XM_033628543.1	7231	XP_033484434.1	864
118301780	Scophthalmus maximus	mtss1lb	XM_035627335.2	10271	XP_035483228.1	816
118301780	Scophthalmus maximus	mtss1lb	XM_035627339.2	10259	XP_035483232.1	813
118301780	Scophthalmus maximus	mtss1lb	XM_035627333.2	10413	XP_035483226.1	865
118301780	Scophthalmus maximus	mtss1lb	XM_035627334.2	10402	XP_035483227.1	862
118301780	Scophthalmus maximus	mtss1lb	XM_035627340.2	10084	XP_035483233.1	761
118301780	Scophthalmus maximus	mtss1lb	XM_035627336.2	10236	XP_035483229.1	813
119502296	Sebastes umbrosus	mtss1lb	XM_037793178.1	11814	XP_037649106.1	814
125089061	Lutra lutra	MTSS2	XM_047710863.1	4696	XP_047566819.1	707
125089061	Lutra lutra	MTSS2	XM_047710865.1	4717	XP_047566821.1	714
125089061	Lutra lutra	MTSS2	XM_047710860.1	4792	XP_047566816.1	739
125089061	Lutra lutra	MTSS2	XM_047710864.1	4630	XP_047566820.1	685
125089061	Lutra lutra	MTSS2	XM_047710862.1	4705	XP_047566818.1	710
125089061	Lutra lutra	MTSS2	XM_047710861.1	4726	XP_047566817.1	717
125089061	Lutra lutra	MTSS2	XM_047710858.1	4801	XP_047566814.1	742
125699310	Lagopus muta	MTSS2	XM_048958737.1	3692	XP_048814694.1	732
125699310	Lagopus muta	MTSS2	XM_048958733.1	3706	XP_048814690.1	737
125699310	Lagopus muta	MTSS2	XM_048958734.1	3703	XP_048814691.1	736
125699310	Lagopus muta	MTSS2	XM_048958738.1	3622	XP_048814695.1	709
125699310	Lagopus muta	MTSS2	XM_048958735.1	3697	XP_048814692.1	734
125699310	Lagopus muta	MTSS2	XM_048958736.1	3694	XP_048814693.1	733
125699310	Lagopus muta	MTSS2	XM_048958739.1	3613	XP_048814696.1	706
127234613	Phodopus roborovskii	Mtss2	XM_051201627.1	4816	XP_051057584.1	868
130838915	Hippopotamus amphibius kiboko	MTSS2	XM_057712637.1	4665	XP_057568620.1	716
130838915	Hippopotamus amphibius kiboko	MTSS2	XM_057712636.1	4686	XP_057568619.1	723
130838915	Hippopotamus amphibius kiboko	MTSS2	XM_057712635.1	4761	XP_057568618.1	748
130838915	Hippopotamus amphibius kiboko	MTSS2	XM_057712638.1	5091	XP_057568621.1	668
130838915	Hippopotamus amphibius kiboko	MTSS2	XM_057712639.1	4406	XP_057568622.1	603
133077549	Eubalaena glacialis	MTSS2	XM_061172319.1	3269	XP_061028302.1	715
133077549	Eubalaena glacialis	MTSS2	XM_061172318.1	3365	XP_061028301.1	747
133077549	Eubalaena glacialis	MTSS2	XM_061172320.1	2888	XP_061028303.1	602
133152685	Syngnathus typhle	mtss1lb	XM_061276513.1	4302	XP_061132497.1	846
133152685	Syngnathus typhle	mtss1lb	XM_061276512.1	4014	XP_061132496.1	751
133152685	Syngnathus typhle	mtss1lb	XM_061276511.1	4133	XP_061132495.1	791
133369021	Rhineura floridana	MTSS2	XM_061593818.1	6272	XP_061449802.1	731
133369021	Rhineura floridana	MTSS2	XM_061593817.1	6346	XP_061449801.1	756
133369021	Rhineura floridana	MTSS2	XM_061593821.1	6122	XP_061449805.1	682
133369021	Rhineura floridana	MTSS2	XM_061593819.1	6263	XP_061449803.1	729
133369021	Rhineura floridana	MTSS2	XM_061593820.1	6196	XP_061449804.1	707
133369021	Rhineura floridana	MTSS2	XM_061593822.1	5924	XP_061449806.1	676
134146112	Rhea pennata	MTSS2	XM_062586313.1	3334	XP_062442297.1	740
134146112	Rhea pennata	MTSS2	XM_062586314.1	3331	XP_062442298.1	739
134146112	Rhea pennata	MTSS2	XM_062586315.1	3250	XP_062442299.1	712
136160823	Muntiacus reevesi	MTSS2	XM_065924969.1	4786	XP_065781041.1	737
136160823	Muntiacus reevesi	MTSS2	XM_065924970.1	4711	XP_065781042.1	712
136160823	Muntiacus reevesi	MTSS2	XM_065924971.1	4689	XP_065781043.1	705
136160823	Muntiacus reevesi	MTSS2	XM_065924972.1	4614	XP_065781044.1	680
140337569	Pyxicephalus adspersus	MTSS2	XM_072421264.1	9883	XP_072277365.1	739
100513016	Sus scrofa	MTSS2	XM_021093811.1	4762	XP_020949470.1	717
100513016	Sus scrofa	MTSS2	XM_021093812.1	4746	XP_020949471.1	714
100513016	Sus scrofa	MTSS2	XM_021093810.1	4842	XP_020949469.1	746
100513016	Sus scrofa	MTSS2	XM_021093809.1	4851	XP_020949468.1	749
100671971	Loxodonta africana	MTSS2	XM_064273797.1	3329	XP_064129867.1	744
100671971	Loxodonta africana	MTSS2	XM_064273798.1	3232	XP_064129868.1	712
100671971	Loxodonta africana	MTSS2	XM_023556667.2	7995	XP_023412435.2	778
100671971	Loxodonta africana	MTSS2	XM_023556671.2	7897	XP_023412439.2	746
101003984	Papio anubis	MTSS2	XM_021932156.2	4944	XP_021787848.1	747
101003984	Papio anubis	MTSS2	XM_021932159.2	4836	XP_021787851.1	712
101003984	Papio anubis	MTSS2	XM_021932157.2	4932	XP_021787849.1	744
101003984	Papio anubis	MTSS2	XM_021932158.2	4819	XP_021787850.1	715
101003984	Papio anubis	MTSS2	XM_021932160.2	5565	XP_021787852.1	685
101723552	Heterocephalus glaber	Mtss2	XM_021256714.1	4550	XP_021112373.1	690
101723552	Heterocephalus glaber	Mtss2	XM_021256713.1	4646	XP_021112372.1	722
101723552	Heterocephalus glaber	Mtss2	XM_004842885.3	4615	XP_004842942.1	712
101723552	Heterocephalus glaber	Mtss2	XM_013071498.2	4711	XP_012926952.1	744
101723552	Heterocephalus glaber	Mtss2	XM_013071499.2	4624	XP_012926953.1	715
101723552	Heterocephalus glaber	Mtss2	XM_004842884.3	4720	XP_004842941.1	747
101723552	Heterocephalus glaber	Mtss2	XM_013071500.2	4394	XP_012926954.1	599
102684235	Lepisosteus oculatus	mtss1lb	XM_015368538.2	10959	XP_015224024.2	823
102684235	Lepisosteus oculatus	mtss1lb	XM_069181342.1	10914	XP_069037443.1	808
102684235	Lepisosteus oculatus	mtss1lb	XM_069181341.1	10956	XP_069037442.1	822
102684235	Lepisosteus oculatus	mtss1lb	XM_015368541.2	10872	XP_015224027.2	794
102684235	Lepisosteus oculatus	mtss1lb	XM_069181343.1	10827	XP_069037444.1	779
102684235	Lepisosteus oculatus	mtss1lb	XM_069181344.1	10429	XP_069037445.1	772
102684235	Lepisosteus oculatus	mtss1lb	XM_015368544.2	10420	XP_015224030.2	773
102684235	Lepisosteus oculatus	mtss1lb	XM_069181346.1	10369	XP_069037447.1	757
102684235	Lepisosteus oculatus	mtss1lb	XM_069181345.1	10369	XP_069037446.1	758
102684235	Lepisosteus oculatus	mtss1lb	XM_015368547.2	10282	XP_015224033.2	729
109310450	Crocodylus porosus	MTSS2	XM_019535582.1	7056	XP_019391127.1	758
109310450	Crocodylus porosus	MTSS2	XM_019535585.1	7011	XP_019391130.1	743
109310450	Crocodylus porosus	MTSS2	XM_019535584.1	7047	XP_019391129.1	755
109310450	Crocodylus porosus	MTSS2	XM_019535587.1	6927	XP_019391132.1	715
109310450	Crocodylus porosus	MTSS2	XM_019535586.1	6971	XP_019391131.1	730
109310450	Crocodylus porosus	MTSS2	XM_019535588.1	6917	XP_019391133.1	712
110299881	Mus caroli	Mtss2	XM_021169815.2	5208	XP_021025474.1	715
110299881	Mus caroli	Mtss2	XM_021169813.2	5312	XP_021025472.1	750
110299881	Mus caroli	Mtss2	XM_021169814.2	5216	XP_021025473.1	718
110299881	Mus caroli	Mtss2	XM_029480356.1	5303	XP_029336216.1	747
113636728	Tachysurus fulvidraco	mtss1lb	XM_027137007.2	8945	XP_026992808.1	712
113636728	Tachysurus fulvidraco	mtss1lb	XM_027137005.2	9032	XP_026992806.1	741
113636728	Tachysurus fulvidraco	mtss1lb	XM_027137006.2	8954	XP_026992807.1	715
113636728	Tachysurus fulvidraco	mtss1lb	XM_027137004.2	9041	XP_026992805.1	744
116243974	Phasianus colchicus	MTSS2	XM_031615452.1	2741	XP_031471312.1	706
116243974	Phasianus colchicus	MTSS2	XM_031615448.1	2822	XP_031471308.1	733
116243974	Phasianus colchicus	MTSS2	XM_031615447.1	2825	XP_031471307.1	734
116243974	Phasianus colchicus	MTSS2	XM_031615451.1	2750	XP_031471311.1	709
116243974	Phasianus colchicus	MTSS2	XM_031615446.1	2831	XP_031471306.1	736
116243974	Phasianus colchicus	MTSS2	XM_031615445.1	2834	XP_031471305.1	737
116243974	Phasianus colchicus	MTSS2	XM_031615450.1	5125	XP_031471310.1	710
116718221	Xiphophorus hellerii	mtss1lb	XM_032559944.1	11958	XP_032415835.1	852
116718221	Xiphophorus hellerii	mtss1lb	XM_032559945.1	11843	XP_032415836.1	814
116718221	Xiphophorus hellerii	mtss1lb	XM_032559943.1	11965	XP_032415834.1	855
116718221	Xiphophorus hellerii	mtss1lb	XM_032559948.1	11797	XP_032415839.1	800
116718221	Xiphophorus hellerii	mtss1lb	XM_032559946.1	11805	XP_032415837.1	803
116886064	Rattus rattus	Mtss2	XM_032887372.1	4711	XP_032743263.1	747
116886064	Rattus rattus	Mtss2	XM_032887371.1	4719	XP_032743262.1	750
116886064	Rattus rattus	Mtss2	XM_032887375.1	4612	XP_032743266.1	715
116886064	Rattus rattus	Mtss2	XM_032887374.1	4620	XP_032743265.1	718
116886064	Rattus rattus	Mtss2	XM_032887376.1	4756	XP_032743267.1	688
117522116	Thalassophryne amazonica	mtss1lb	XM_034183501.1	3289	XP_034039392.1	810
117522116	Thalassophryne amazonica	mtss1lb	XM_034183508.1	3280	XP_034039399.1	807
118023414	Mirounga leonina	MTSS2	XM_035024514.1	2567	XP_034880405.1	762
121098050	Falco naumanni	MTSS2	XM_040615609.1	2593	XP_040471543.1	743
122126275	Dipodomys spectabilis	Mtss2	XM_042700988.1	4665	XP_042556922.1	716
122126275	Dipodomys spectabilis	Mtss2	XM_042700986.1	4761	XP_042556920.1	748
122126275	Dipodomys spectabilis	Mtss2	XM_042700987.1	4674	XP_042556921.1	719
122126275	Dipodomys spectabilis	Mtss2	XM_042700985.1	4770	XP_042556919.1	751
123349406	Mauremys mutica	MTSS2	XM_044987432.1	7827	XP_044843367.1	766
123349406	Mauremys mutica	MTSS2	XM_044987434.1	7761	XP_044843369.1	744
123349406	Mauremys mutica	MTSS2	XM_044987435.1	7752	XP_044843370.1	741
123349406	Mauremys mutica	MTSS2	XM_044987437.1	7686	XP_044843372.1	719
123349406	Mauremys mutica	MTSS2	XM_044987433.1	7818	XP_044843368.1	763
123349406	Mauremys mutica	MTSS2	XM_044987436.1	7741	XP_044843371.1	738
123349406	Mauremys mutica	MTSS2	XM_044987438.1	7666	XP_044843373.1	713
123579429	Leopardus geoffroyi	MTSS2	XM_045443480.1	4687	XP_045299436.1	710
123579429	Leopardus geoffroyi	MTSS2	XM_045443483.1	4665	XP_045299439.1	703
123579429	Leopardus geoffroyi	MTSS2	XM_045443479.1	4684	XP_045299435.1	713
123579429	Leopardus geoffroyi	MTSS2	XM_045443482.1	4659	XP_045299438.1	706
123579429	Leopardus geoffroyi	MTSS2	XM_045443477.1	4754	XP_045299433.1	738
123579429	Leopardus geoffroyi	MTSS2	XM_045443478.1	4745	XP_045299434.1	735
124967507	Sciurus carolinensis	Mtss2	XM_047529879.1	4814	XP_047385835.1	749
124967507	Sciurus carolinensis	Mtss2	XM_047529878.1	4823	XP_047385834.1	752
124967507	Sciurus carolinensis	Mtss2	XM_047529881.1	4716	XP_047385837.1	717
124967507	Sciurus carolinensis	Mtss2	XM_047529880.1	4725	XP_047385836.1	720
124967507	Sciurus carolinensis	Mtss2	XM_047529882.1	4654	XP_047385838.1	699
126943719	Macaca thibetana thibetana	MTSS2	XM_050772705.1	4950	XP_050628662.1	739
126943719	Macaca thibetana thibetana	MTSS2	XM_050772706.1	4723	XP_050628663.1	714
126943719	Macaca thibetana thibetana	MTSS2	XM_050772707.1	4702	XP_050628664.1	707
128062796	Budorcas taxicolor	MTSS2	XM_052655222.1	4750	XP_052511182.1	771
132510467	Lagenorhynchus albirostris	MTSS2	XM_060132554.1	2668	XP_059988537.1	747
132510467	Lagenorhynchus albirostris	MTSS2	XM_060132555.1	2572	XP_059988538.1	715
132510467	Lagenorhynchus albirostris	MTSS2	XM_060132556.1	2214	XP_059988539.1	602
135279756	Passer domesticus	MTSS2	XM_064387235.1	4181	XP_064243305.1	743
135279756	Passer domesticus	MTSS2	XM_064387238.1	4100	XP_064243308.1	716
135279756	Passer domesticus	MTSS2	XM_064387237.1	4172	XP_064243307.1	740
135279756	Passer domesticus	MTSS2	XM_064387236.1	4174	XP_064243306.1	741
135279756	Passer domesticus	MTSS2	XM_064387241.1	4182	XP_064243311.1	744
135279756	Passer domesticus	MTSS2	XM_064387244.1	4165	XP_064243314.1	739
135279756	Passer domesticus	MTSS2	XM_064387234.1	4176	XP_064243304.1	743
135279756	Passer domesticus	MTSS2	XM_064387239.1	4092	XP_064243309.1	715
135279756	Passer domesticus	MTSS2	XM_064387240.1	4083	XP_064243310.1	712
135279756	Passer domesticus	MTSS2	XM_064387242.1	4166	XP_064243312.1	740
136005212	Lathamus discolor	MTSS2	XM_065662505.1	3754	XP_065518577.1	712
136005212	Lathamus discolor	MTSS2	XM_065662504.1	3760	XP_065518576.1	714
136005212	Lathamus discolor	MTSS2	XM_065662499.1	3835	XP_065518571.1	739
136005212	Lathamus discolor	MTSS2	XM_065662501.1	3763	XP_065518573.1	715
136005212	Lathamus discolor	MTSS2	XM_065662498.1	3838	XP_065518570.1	740
136005212	Lathamus discolor	MTSS2	XM_065662502.1	3763	XP_065518574.1	715
136005212	Lathamus discolor	MTSS2	XM_065662497.1	3844	XP_065518569.1	742
136005212	Lathamus discolor	MTSS2	XM_065662500.1	3772	XP_065518572.1	718
136005212	Lathamus discolor	MTSS2	XM_065662496.1	3847	XP_065518568.1	743
138268102	Pleurodeles waltl	MTSS2	XM_069217485.1	3529	XP_069073586.1	710
138268102	Pleurodeles waltl	MTSS2	XM_069217486.1	3297	XP_069073587.1	685
138268102	Pleurodeles waltl	MTSS2	XM_069217481.1	3399	XP_069073582.1	722
138268102	Pleurodeles waltl	MTSS2	XM_069217483.1	3366	XP_069073584.1	721
138268102	Pleurodeles waltl	MTSS2	XM_069217477.1	2943	XP_069073578.1	756
138268102	Pleurodeles waltl	MTSS2	XM_069217479.1	2907	XP_069073580.1	744
138268102	Pleurodeles waltl	MTSS2	XM_069217484.1	2832	XP_069073585.1	719
138268102	Pleurodeles waltl	MTSS2	XM_069217480.1	2874	XP_069073581.1	733
138268102	Pleurodeles waltl	MTSS2	XM_069217478.1	2910	XP_069073579.1	745
610542	Canis lupus familiaris	MTSS2	XR_005354515.1	2765		
610542	Canis lupus familiaris	MTSS2	XM_038528182.1	3047	XP_038384110.1	704
610542	Canis lupus familiaris	MTSS2	XM_038528162.1	3143	XP_038384090.1	736
610542	Canis lupus familiaris	MTSS2	XM_038528153.1	3152	XP_038384081.1	739
610542	Canis lupus familiaris	MTSS2	XM_038528133.1	3209	XP_038384061.1	758
610542	Canis lupus familiaris	MTSS2	XM_038528172.1	3122	XP_038384100.1	729
610542	Canis lupus familiaris	MTSS2	XM_038528118.1	3218	XP_038384046.1	761
610542	Canis lupus familiaris	MTSS2	XM_022419212.2	3148	XP_022274920.1	750
610542	Canis lupus familiaris	MTSS2	XR_005360100.1	2766		
610542	Canis lupus familiaris	MTSS2	XM_038538376.1	3048	XP_038394304.1	704
610542	Canis lupus familiaris	MTSS2	XM_038538374.1	3144	XP_038394302.1	736
610542	Canis lupus familiaris	MTSS2	XM_038538373.1	3153	XP_038394301.1	739
610542	Canis lupus familiaris	MTSS2	XM_038538371.1	3210	XP_038394299.1	758
610542	Canis lupus familiaris	MTSS2	XM_038538375.1	3123	XP_038394303.1	729
610542	Canis lupus familiaris	MTSS2	XM_038538370.1	3219	XP_038394298.1	761
610542	Canis lupus familiaris	MTSS2	XM_038538372.1	3148	XP_038394300.1	750
610542	Canis lupus familiaris	MTSS2	XR_005394642.1	2766		
610542	Canis lupus familiaris	MTSS2	XM_038602500.1	3045	XP_038458428.1	704
610542	Canis lupus familiaris	MTSS2	XM_038602498.1	3141	XP_038458426.1	736
610542	Canis lupus familiaris	MTSS2	XM_038602497.1	3150	XP_038458425.1	739
610542	Canis lupus familiaris	MTSS2	XM_038602495.1	3207	XP_038458423.1	758
610542	Canis lupus familiaris	MTSS2	XM_038602499.1	3120	XP_038458427.1	729
610542	Canis lupus familiaris	MTSS2	XM_038602494.1	3216	XP_038458422.1	761
610542	Canis lupus familiaris	MTSS2	XM_038602496.1	3145	XP_038458424.1	750
610542	Canis lupus familiaris	MTSS2	XR_005326237.1	2766		
610542	Canis lupus familiaris	MTSS2	XM_038477186.1	3048	XP_038333114.1	704
610542	Canis lupus familiaris	MTSS2	XM_038477184.1	3144	XP_038333112.1	736
610542	Canis lupus familiaris	MTSS2	XM_038477183.1	3153	XP_038333111.1	739
610542	Canis lupus familiaris	MTSS2	XM_038477181.1	3210	XP_038333109.1	758
610542	Canis lupus familiaris	MTSS2	XM_038477185.1	3123	XP_038333113.1	729
610542	Canis lupus familiaris	MTSS2	XM_038477180.1	3219	XP_038333108.1	761
610542	Canis lupus familiaris	MTSS2	XM_038477182.1	3148	XP_038333110.1	750
610542	Canis lupus familiaris	MTSS2	XR_005427734.1	2766		
610542	Canis lupus familiaris	MTSS2	XM_038667106.1	3048	XP_038523034.1	704
610542	Canis lupus familiaris	MTSS2	XM_038667104.1	3144	XP_038523032.1	736
610542	Canis lupus familiaris	MTSS2	XM_038667103.1	3153	XP_038523031.1	739
610542	Canis lupus familiaris	MTSS2	XM_038667101.1	3210	XP_038523029.1	758
610542	Canis lupus familiaris	MTSS2	XM_038667105.1	3123	XP_038523033.1	729
610542	Canis lupus familiaris	MTSS2	XM_038667100.1	3219	XP_038523028.1	761
610542	Canis lupus familiaris	MTSS2	XM_038667102.1	3148	XP_038523030.1	750
113122724	Mastacembelus armatus	mtss1lb	XM_026294258.1	3607	XP_026150043.1	808
113122724	Mastacembelus armatus	mtss1lb	XM_026294257.1	3219	XP_026150042.1	811
115907981	Camarhynchus parvulus	MTSS2	XM_030956229.1	2472	XP_030812089.1	744
115907981	Camarhynchus parvulus	MTSS2	XM_030956230.1	2469	XP_030812090.1	743
115907981	Camarhynchus parvulus	MTSS2	XM_030956234.1	2397	XP_030812094.1	719
115907981	Camarhynchus parvulus	MTSS2	XM_030956235.1	2394	XP_030812095.1	718
115907981	Camarhynchus parvulus	MTSS2	XM_030956231.1	2469	XP_030812091.1	743
115907981	Camarhynchus parvulus	MTSS2	XM_030956236.1	2388	XP_030812096.1	716
115907981	Camarhynchus parvulus	MTSS2	XM_030956237.1	2385	XP_030812097.1	715
115907981	Camarhynchus parvulus	MTSS2	XM_030956232.1	2463	XP_030812092.1	741
115907981	Camarhynchus parvulus	MTSS2	XM_030956242.1	2460	XP_030812102.1	740
115907981	Camarhynchus parvulus	MTSS2	XM_030956238.1	2385	XP_030812098.1	715
115907981	Camarhynchus parvulus	MTSS2	XM_030956233.1	2460	XP_030812093.1	740
115907981	Camarhynchus parvulus	MTSS2	XM_030956243.1	2457	XP_030812103.1	739
115907981	Camarhynchus parvulus	MTSS2	XM_030956240.1	2382	XP_030812100.1	714
115907981	Camarhynchus parvulus	MTSS2	XM_030956241.1	2376	XP_030812101.1	712
137481270	Anomalospiza imberbis	MTSS2	XM_068202870.1	3845	XP_068058971.1	719
137481270	Anomalospiza imberbis	MTSS2	XM_068202869.1	3907	XP_068058970.1	740
137481270	Anomalospiza imberbis	MTSS2	XM_068202867.1	3916	XP_068058968.1	743
137481270	Anomalospiza imberbis	MTSS2	XM_068202876.1	3828	XP_068058977.1	714
137481270	Anomalospiza imberbis	MTSS2	XM_068202868.1	3909	XP_068058969.1	741
137481270	Anomalospiza imberbis	MTSS2	XM_068202872.1	3834	XP_068058973.1	716
137481270	Anomalospiza imberbis	MTSS2	XM_068202865.1	3918	XP_068058966.1	744
137481270	Anomalospiza imberbis	MTSS2	XM_068202874.1	3830	XP_068058975.1	715
137481270	Anomalospiza imberbis	MTSS2	XM_068202871.1	3839	XP_068058972.1	718
137481270	Anomalospiza imberbis	MTSS2	XM_068202877.1	3819	XP_068058978.1	712
137481270	Anomalospiza imberbis	MTSS2	XM_068202873.1	3828	XP_068058974.1	715
137481270	Anomalospiza imberbis	MTSS2	XM_068202866.1	3912	XP_068058967.1	743
137752607	Eschrichtius robustus	MTSS2	XM_068527301.1	3657	XP_068383402.1	747
137752607	Eschrichtius robustus	MTSS2	XM_068527302.1	3560	XP_068383403.1	715
